# time	energy_lowpass
2.510000	-63.315955
2.520000	-63.240753
2.530000	-63.190689
2.540000	-63.149665
2.550000	-63.127323
2.560000	-63.095464
2.570000	-63.052184
2.580000	-63.019475
2.590000	-62.991045
2.600000	-62.934911
2.610000	-62.850278
2.620000	-62.747651
2.630000	-62.618387
2.640000	-62.486110
2.650000	-62.351236
2.660000	-62.194198
2.670000	-62.019453
2.680000	-61.841957
2.690000	-61.660315
2.700000	-61.469952
2.710000	-61.274005
2.720000	-61.057799
2.730000	-60.820263
2.740000	-60.570932
2.750000	-60.306201
2.760000	-60.055913
2.770000	-59.823711
2.780000	-59.592675
2.790000	-59.371354
2.800000	-59.144397
2.810000	-58.910518
2.820000	-58.684943
2.830000	-58.464588
2.840000	-58.224250
2.850000	-57.963792
2.860000	-57.693376
2.870000	-57.406754
2.880000	-57.122675
2.890000	-56.842353
2.900000	-56.551298
2.910000	-56.253688
2.920000	-56.017040
2.930000	-55.846674
2.940000	-55.713987
2.950000	-55.638215
2.960000	-55.577211
2.970000	-55.529823
2.980000	-55.534661
2.990000	-55.584096
3.000000	-55.634888
3.010000	-55.689023
3.020000	-55.763216
3.030000	-55.847829
3.040000	-55.980034
3.050000	-56.162946
3.060000	-56.370919
3.070000	-56.613082
3.080000	-56.837542
3.090000	-57.037109
3.100000	-57.243425
3.110000	-57.441499
3.120000	-57.656261
3.130000	-57.890278
3.140000	-58.117905
3.150000	-58.344274
3.160000	-58.617449
3.170000	-58.938223
3.180000	-59.286863
3.190000	-59.675520
3.200000	-60.069630
3.210000	-60.467063
3.220000	-60.895205
3.230000	-61.346514
3.240000	-61.726669
3.250000	-62.029250
3.260000	-62.293193
3.270000	-62.492018
3.280000	-62.686619
3.290000	-62.878797
3.300000	-63.014166
3.310000	-63.104033
3.320000	-63.206535
3.330000	-63.318921
3.340000	-63.419607
3.350000	-63.521644
3.360000	-63.574643
3.370000	-63.574674
3.380000	-63.556623
3.390000	-63.508295
3.400000	-63.504372
3.410000	-63.555198
3.420000	-63.616126
3.430000	-63.708865
3.440000	-63.797467
3.450000	-63.878554
3.460000	-63.989345
3.470000	-64.122652
3.480000	-64.210772
3.490000	-64.252930
3.500000	-64.277169
3.510000	-64.266596
3.520000	-64.270552
3.530000	-64.292319
3.540000	-64.293366
3.550000	-64.284675
3.560000	-64.286391
3.570000	-64.296186
3.580000	-64.312364
3.590000	-64.339584
3.600000	-64.356932
3.610000	-64.364330
3.620000	-64.376190
3.630000	-64.388293
3.640000	-64.400055
3.650000	-64.413053
3.660000	-64.424758
3.670000	-64.435453
3.680000	-64.449667
3.690000	-64.467390
3.700000	-64.486764
3.710000	-64.508878
3.720000	-64.505868
3.730000	-64.474967
3.740000	-64.430173
3.750000	-64.363577
3.760000	-64.290829
3.770000	-64.212834
3.780000	-64.114704
3.790000	-63.999452
3.800000	-63.887253
3.810000	-63.777763
3.820000	-63.663067
3.830000	-63.547957
3.840000	-63.416425
3.850000	-63.267319
3.860000	-63.112409
3.870000	-62.947975
3.880000	-62.797085
3.890000	-62.663243
3.900000	-62.532863
3.910000	-62.412852
3.920000	-62.292603
3.930000	-62.171311
3.940000	-62.060552
3.950000	-61.958400
3.960000	-61.843833
3.970000	-61.716802
3.980000	-61.586409
3.990000	-61.447571
4.000000	-61.315925
4.010000	-61.192732
4.020000	-61.066161
4.030000	-60.939871
4.040000	-60.803110
4.050000	-60.653596
4.060000	-60.499098
4.070000	-60.336265
4.080000	-60.168669
4.090000	-59.996842
4.100000	-59.815957
4.110000	-59.626669
4.120000	-59.441433
4.130000	-59.260572
4.140000	-59.078435
4.150000	-58.898152
4.160000	-58.711147
4.170000	-58.516750
4.180000	-58.321804
4.190000	-58.124371
4.200000	-57.949949
4.210000	-57.801948
4.220000	-57.667071
4.230000	-57.552964
4.240000	-57.446653
4.250000	-57.347588
4.260000	-57.269318
4.270000	-57.209634
4.280000	-57.147609
4.290000	-57.083609
4.300000	-57.026693
4.310000	-56.972026
4.320000	-56.936079
4.330000	-56.920349
4.340000	-56.912965
4.350000	-56.917961
4.360000	-56.919722
4.370000	-56.915678
4.380000	-56.916340
4.390000	-56.917124
4.400000	-56.924704
4.410000	-56.939986
4.420000	-56.955621
4.430000	-56.973033
4.440000	-57.008599
4.450000	-57.062797
4.460000	-57.128729
4.470000	-57.210623
4.480000	-57.297169
4.490000	-57.387698
4.500000	-57.491435
4.510000	-57.605968
4.520000	-57.645399
4.530000	-57.602070
4.540000	-57.514549
4.550000	-57.358214
4.560000	-57.184635
4.570000	-56.995554
4.580000	-56.742775
4.590000	-56.435675
4.600000	-56.132716
4.610000	-55.831813
4.620000	-55.509890
4.630000	-55.180228
4.640000	-54.793981
4.650000	-54.347121
4.660000	-53.873989
4.670000	-53.362722
4.680000	-52.875241
4.690000	-52.420609
4.700000	-51.960427
4.710000	-51.512748
4.720000	-51.048784
4.730000	-50.565506
4.740000	-50.093255
4.750000	-49.626176
4.760000	-49.105567
4.770000	-48.530423
4.780000	-47.925200
4.790000	-47.275093
4.800000	-46.622159
4.810000	-45.969103
4.820000	-45.282633
4.830000	-44.571993
4.840000	-44.008800
4.850000	-43.606770
4.860000	-43.292056
4.870000	-43.113482
4.880000	-42.964550
4.890000	-42.842043
4.900000	-42.843602
4.910000	-42.949791
4.920000	-43.049338
4.930000	-43.146968
4.940000	-43.285639
4.950000	-43.440334
4.960000	-43.705895
4.970000	-44.090094
4.980000	-44.526995
4.990000	-45.039719
5.000000	-45.498929
5.010000	-45.886346
5.020000	-46.280977
5.030000	-46.645284
5.040000	-47.040705
5.050000	-47.473495
5.060000	-47.879813
5.070000	-48.272178
5.080000	-48.770801
5.090000	-49.377560
5.100000	-50.042744
5.110000	-50.796632
5.120000	-51.552640
5.130000	-52.305256
5.140000	-53.122841
5.150000	-53.986374
5.160000	-54.699700
5.170000	-55.250717
5.180000	-55.717991
5.190000	-56.046762
5.200000	-56.366332
5.210000	-56.680279
5.220000	-56.874506
5.230000	-56.973089
5.240000	-57.092615
5.250000	-57.226948
5.260000	-57.333697
5.270000	-57.438837
5.280000	-57.439781
5.290000	-57.328602
5.300000	-57.175766
5.310000	-56.956399
5.320000	-56.829640
5.330000	-56.817101
5.340000	-56.824453
5.350000	-56.897846
5.360000	-56.959814
5.370000	-57.003216
5.380000	-57.107670
5.390000	-57.257673
5.400000	-57.310599
5.410000	-57.264947
5.420000	-57.179553
5.430000	-57.018863
5.440000	-56.887164
5.450000	-56.791360
5.460000	-56.650153
5.470000	-56.486755
5.480000	-56.399130
5.490000	-56.388093
5.500000	-56.424197
5.510000	-56.533444
5.520000	-56.639993
5.530000	-56.742637
5.540000	-56.902491
5.550000	-57.105063
5.560000	-57.309326
5.570000	-57.519894
5.580000	-57.747774
5.590000	-57.984545
5.600000	-58.272579
5.610000	-58.614737
5.620000	-58.984021
5.630000	-59.390793
5.640000	-59.737968
5.650000	-60.014014
5.660000	-60.272866
5.670000	-60.486720
5.680000	-60.706211
5.690000	-60.935304
5.700000	-61.124050
5.710000	-61.282506
5.720000	-61.490671
5.730000	-61.748675
5.740000	-62.024321
5.750000	-62.337288
5.760000	-62.627406
5.770000	-62.890673
5.780000	-63.173156
5.790000	-63.461327
5.800000	-63.718729
5.810000	-63.946643
5.820000	-64.152406
5.830000	-64.326646
5.840000	-64.501199
5.850000	-64.676114
5.860000	-64.827097
5.870000	-64.960182
5.880000	-65.084839
5.890000	-65.198667
5.900000	-65.300716
5.910000	-65.392457
5.920000	-65.460817
5.930000	-65.504910
5.940000	-65.531939
5.950000	-65.538540
5.960000	-65.567905
5.970000	-65.624542
5.980000	-65.685271
5.990000	-65.762249
6.000000	-65.831701
6.010000	-65.891814
6.020000	-65.965147
6.030000	-66.046871
6.040000	-66.103104
6.050000	-66.133853
6.060000	-66.152281
6.070000	-66.150012
6.080000	-66.152783
6.090000	-66.162161
6.100000	-66.158418
6.110000	-66.147258
6.120000	-66.148288
6.130000	-66.161310
6.140000	-66.181189
6.150000	-66.213049
6.160000	-66.240835
6.170000	-66.264366
6.180000	-66.296235
6.190000	-66.333362
6.200000	-66.368534
6.210000	-66.402780
6.220000	-66.437696
6.230000	-66.471865
6.240000	-66.513306
6.250000	-66.562532
6.260000	-66.614597
6.270000	-66.671471
6.280000	-66.711336
6.290000	-66.731704
6.300000	-66.744421
6.310000	-66.743252
6.320000	-66.739807
6.330000	-66.734938
6.340000	-66.717309
6.350000	-66.689210
6.360000	-66.668150
6.370000	-66.654094
6.380000	-66.640039
6.390000	-66.630265
6.400000	-66.611458
6.410000	-66.582721
6.420000	-66.554167
6.430000	-66.522784
6.440000	-66.491634
6.450000	-66.462110
6.460000	-66.430602
6.470000	-66.398254
6.480000	-66.365693
6.490000	-66.332685
6.500000	-66.299997
6.510000	-66.267804
6.520000	-66.230223
6.530000	-66.186951
6.540000	-66.141003
6.550000	-66.090872
6.560000	-66.040197
6.570000	-65.989324
6.580000	-65.935204
6.590000	-65.878674
6.600000	-65.821717
6.610000	-65.764173
6.620000	-65.705707
6.630000	-65.646788
6.640000	-65.585579
6.650000	-65.522057
6.660000	-65.457540
6.670000	-65.391656
6.680000	-65.324274
6.690000	-65.255537
6.700000	-65.185264
6.710000	-65.113463
6.720000	-65.040591
6.730000	-64.966655
6.740000	-64.891454
6.750000	-64.815100
6.760000	-64.742412
6.770000	-64.673895
6.780000	-64.607397
6.790000	-64.544341
6.800000	-64.481943
6.810000	-64.420145
6.820000	-64.361668
6.830000	-64.306041
6.840000	-64.249852
6.850000	-64.193243
6.860000	-64.137647
6.870000	-64.082313
6.880000	-64.030117
6.890000	-63.981337
6.900000	-63.933999
6.910000	-63.888829
6.920000	-63.842121
6.930000	-63.793364
6.940000	-63.744898
6.950000	-63.695665
6.960000	-63.647457
6.970000	-63.600489
6.980000	-63.552951
6.990000	-63.505234
7.000000	-63.460906
7.010000	-63.420061
7.020000	-63.381260
7.030000	-63.345429
7.040000	-63.310062
7.050000	-63.275030
7.060000	-63.242374
7.070000	-63.211568
7.080000	-63.105110
7.090000	-62.915290
7.100000	-62.677997
7.110000	-62.370746
7.120000	-62.038430
7.130000	-61.682566
7.140000	-61.260135
7.150000	-60.779141
7.160000	-60.294487
7.170000	-59.804380
7.180000	-59.286533
7.190000	-58.753410
7.200000	-58.159655
7.210000	-57.501368
7.220000	-56.810497
7.230000	-56.075948
7.240000	-55.351545
7.250000	-54.645290
7.260000	-53.923131
7.270000	-53.200730
7.280000	-52.453340
7.290000	-51.678156
7.300000	-50.901311
7.310000	-50.117666
7.320000	-49.275010
7.330000	-48.372246
7.340000	-47.431065
7.350000	-46.438180
7.360000	-45.430587
7.370000	-44.410555
7.380000	-43.348483
7.390000	-42.252395
7.400000	-41.310676
7.410000	-40.539087
7.420000	-39.854991
7.430000	-39.312126
7.440000	-38.795138
7.450000	-38.300328
7.460000	-37.934226
7.470000	-37.675774
7.480000	-37.400128
7.490000	-37.112166
7.500000	-36.860498
7.510000	-36.616892
7.520000	-36.486745
7.530000	-36.478676
7.540000	-36.518969
7.550000	-36.633242
7.560000	-36.682004
7.570000	-36.645209
7.580000	-36.608524
7.590000	-36.531353
7.600000	-36.479306
7.610000	-36.459112
7.620000	-36.402100
7.630000	-36.321590
7.640000	-36.348211
7.650000	-36.484039
7.660000	-36.674820
7.670000	-36.953436
7.680000	-37.225929
7.690000	-37.486244
7.700000	-37.808563
7.710000	-38.172203
7.720000	-38.451343
7.730000	-38.641783
7.740000	-38.788036
7.750000	-38.856014
7.760000	-38.936170
7.770000	-39.030673
7.780000	-39.063850
7.790000	-39.052972
7.800000	-39.062029
7.810000	-39.086312
7.820000	-39.105390
7.830000	-39.133234
7.840000	-39.109944
7.850000	-39.031369
7.860000	-38.937687
7.870000	-38.814493
7.880000	-38.774608
7.890000	-38.832519
7.900000	-38.923933
7.910000	-39.081506
7.920000	-39.248563
7.930000	-39.420512
7.940000	-39.654754
7.950000	-39.940169
7.960000	-40.180437
7.970000	-40.375204
7.980000	-40.564015
7.990000	-40.723187
8.000000	-40.924568
8.010000	-41.173132
8.020000	-41.413781
8.030000	-41.662761
8.040000	-41.887154
8.050000	-42.077596
8.060000	-42.261192
8.070000	-42.426896
8.080000	-42.580568
8.090000	-42.723688
8.100000	-42.842983
8.110000	-42.939070
8.120000	-43.055855
8.130000	-43.194553
8.140000	-43.333755
8.150000	-43.484305
8.160000	-43.616521
8.170000	-43.727581
8.180000	-43.840939
8.190000	-43.949564
8.200000	-44.055167
8.210000	-44.160367
8.220000	-44.259116
8.230000	-44.352443
8.240000	-44.444383
8.250000	-44.534360
8.260000	-44.621302
8.270000	-44.705950
8.280000	-44.776943
8.290000	-44.833207
8.300000	-44.880640
8.310000	-44.916081
8.320000	-44.945551
8.330000	-44.969475
8.340000	-44.982060
8.350000	-44.984498
8.360000	-44.972868
8.370000	-44.945838
8.380000	-44.905865
8.390000	-44.851396
8.400000	-44.782993
8.410000	-44.700458
8.420000	-44.601853
8.430000	-44.486952
8.440000	-44.360585
8.450000	-44.222567
8.460000	-44.070073
8.470000	-43.904052
8.480000	-43.720654
8.490000	-43.519222
8.500000	-43.302207
8.510000	-43.068449
8.520000	-42.820296
8.530000	-42.557984
8.540000	-42.279316
8.550000	-41.984808
8.560000	-41.673201
8.570000	-41.344051
8.580000	-40.998272
8.590000	-40.635374
8.600000	-40.251927
8.610000	-39.847532
8.620000	-39.423285
8.630000	-38.978084
8.640000	-38.513771
8.650000	-38.030197
8.660000	-37.525326
8.670000	-36.999332
8.680000	-36.571003
8.690000	-36.252087
8.700000	-35.986944
8.710000	-35.809902
8.720000	-35.652099
8.730000	-35.510946
8.740000	-35.452152
8.750000	-35.463251
8.760000	-35.459219
8.770000	-35.442523
8.780000	-35.447432
8.790000	-35.454437
8.800000	-35.533194
8.810000	-35.689480
8.820000	-35.873769
8.830000	-36.102914
8.840000	-36.294605
8.850000	-36.436343
8.860000	-36.579943
8.870000	-36.701278
8.880000	-36.837719
8.890000	-36.993324
8.900000	-37.128057
8.910000	-37.249492
8.920000	-37.437258
8.930000	-37.692816
8.940000	-37.982723
8.950000	-38.327073
8.960000	-38.669096
8.970000	-39.005086
8.980000	-39.380066
8.990000	-39.781546
9.000000	-40.094389
9.010000	-40.312090
9.020000	-40.479850
9.030000	-40.565712
9.040000	-40.646767
9.050000	-40.725114
9.060000	-40.733418
9.070000	-40.686118
9.080000	-40.649762
9.090000	-40.620626
9.100000	-40.575007
9.110000	-40.527689
9.120000	-40.419526
9.130000	-40.246037
9.140000	-40.047697
9.150000	-39.810192
9.160000	-39.628014
9.170000	-39.513883
9.180000	-39.412158
9.190000	-39.350235
9.200000	-39.281887
9.210000	-39.202947
9.220000	-39.160821
9.230000	-39.146292
9.240000	-39.075386
9.250000	-38.947319
9.260000	-38.796712
9.270000	-38.602685
9.280000	-38.426849
9.290000	-38.273322
9.300000	-38.094211
9.310000	-37.903271
9.320000	-37.769656
9.330000	-37.695075
9.340000	-37.656930
9.350000	-37.673916
9.360000	-37.694878
9.370000	-37.718946
9.380000	-37.788493
9.390000	-37.893882
9.400000	-38.002830
9.410000	-38.118372
9.420000	-38.250401
9.430000	-38.392159
9.440000	-38.575400
9.450000	-38.802455
9.460000	-39.052736
9.470000	-39.334057
9.480000	-39.581332
9.490000	-39.786645
9.500000	-39.986872
9.510000	-40.163382
9.520000	-40.349719
9.530000	-40.548699
9.540000	-40.727098
9.550000	-40.891663
9.560000	-41.097321
9.570000	-41.344375
9.580000	-41.610706
9.590000	-41.909939
9.600000	-42.201213
9.610000	-42.481899
9.620000	-42.783582
9.630000	-43.097169
9.640000	-43.384759
9.650000	-43.646013
9.660000	-43.892219
9.670000	-44.113287
9.680000	-44.338590
9.690000	-44.568549
9.700000	-44.779453
9.710000	-44.976884
9.720000	-45.176792
9.730000	-45.377366
9.740000	-45.574264
9.750000	-45.770739
9.760000	-45.950286
9.770000	-46.111758
9.780000	-46.265633
9.790000	-46.407852
9.800000	-46.576769
9.810000	-46.776904
9.820000	-46.986961
9.830000	-47.217907
9.840000	-47.449662
9.850000	-47.680645
9.860000	-47.930599
9.870000	-48.195521
9.880000	-48.443811
9.890000	-48.675406
9.900000	-48.902985
9.910000	-49.118764
9.920000	-49.346487
9.930000	-49.587717
9.940000	-49.824244
9.950000	-50.061390
9.960000	-50.280945
9.970000	-50.479029
9.980000	-50.667959
9.990000	-50.841925
10.000000	-51.006981
10.010000	-51.163715
10.020000	-51.303675
10.030000	-51.427759
10.040000	-51.555565
10.050000	-51.687277
10.060000	-51.813682
10.070000	-51.939478
10.080000	-52.050570
10.090000	-52.145609
10.100000	-52.235282
10.110000	-52.316179
10.120000	-52.393519
10.130000	-52.468833
10.140000	-52.537040
10.150000	-52.599800
10.160000	-52.656270
10.170000	-52.705954
10.180000	-52.750709
10.190000	-52.790282
10.200000	-52.816223
10.210000	-52.828015
10.220000	-52.829489
10.230000	-52.818363
10.240000	-52.799841
10.250000	-52.774209
10.260000	-52.736872
10.270000	-52.688875
10.280000	-52.668029
10.290000	-52.677547
10.300000	-52.700356
10.310000	-52.747194
10.320000	-52.795110
10.330000	-52.843221
10.340000	-52.912700
10.350000	-52.999273
10.360000	-53.077313
10.370000	-53.147648
10.380000	-53.220191
10.390000	-53.289044
10.400000	-53.375481
10.410000	-53.481150
10.420000	-53.590927
10.430000	-53.709898
10.440000	-53.811054
10.450000	-53.890345
10.460000	-53.964375
10.470000	-54.025196
10.480000	-54.085186
10.490000	-54.145559
10.500000	-54.193043
10.510000	-54.230073
10.520000	-54.282069
10.530000	-54.349366
10.540000	-54.421224
10.550000	-54.503977
10.560000	-54.579244
10.570000	-54.645745
10.580000	-54.717850
10.590000	-54.791437
10.600000	-54.851151
10.610000	-54.897038
10.620000	-54.933356
10.630000	-54.956068
10.640000	-54.977411
10.650000	-54.997541
10.660000	-55.006742
10.670000	-55.007352
10.680000	-55.005097
10.690000	-54.999178
10.700000	-54.988251
10.710000	-54.973436
10.720000	-54.948448
10.730000	-54.912865
10.740000	-54.870565
10.750000	-54.819994
10.760000	-54.776640
10.770000	-54.742282
10.780000	-54.708372
10.790000	-54.679321
10.800000	-54.646935
10.810000	-54.610568
10.820000	-54.578211
10.830000	-54.548221
10.840000	-54.507989
10.850000	-54.457495
10.860000	-54.401759
10.870000	-54.337671
10.880000	-54.274724
10.890000	-54.213530
10.900000	-54.146807
10.910000	-54.076675
10.920000	-53.983100
10.930000	-53.863213
10.940000	-53.727889
10.950000	-53.571084
10.960000	-53.402503
10.970000	-53.222619
10.980000	-53.020996
10.990000	-52.799276
11.000000	-52.574412
11.010000	-52.346177
11.020000	-52.107144
11.030000	-51.861253
11.040000	-51.595342
11.050000	-51.308208
11.060000	-51.009411
11.070000	-50.695736
11.080000	-50.377949
11.090000	-50.057954
11.100000	-49.728168
11.110000	-49.391771
11.120000	-49.044442
11.130000	-48.685508
11.140000	-48.319905
11.150000	-47.946691
11.160000	-47.553972
11.170000	-47.141342
11.180000	-46.713852
11.190000	-46.268408
11.200000	-45.813083
11.210000	-45.348342
11.220000	-44.867517
11.230000	-44.372312
11.240000	-43.940679
11.250000	-43.579762
11.260000	-43.254219
11.270000	-42.986450
11.280000	-42.730069
11.290000	-42.483486
11.300000	-42.290291
11.310000	-42.142072
11.320000	-41.985171
11.330000	-41.821433
11.340000	-41.672167
11.350000	-41.525169
11.360000	-41.425085
11.370000	-41.375619
11.380000	-41.345321
11.390000	-41.345040
11.400000	-41.319235
11.410000	-41.259718
11.420000	-41.201092
11.430000	-41.127156
11.440000	-41.063604
11.450000	-41.013180
11.460000	-40.948729
11.470000	-40.875489
11.480000	-40.846412
11.490000	-40.862438
11.500000	-40.901489
11.510000	-40.976936
11.520000	-41.050919
11.530000	-41.121012
11.540000	-41.217230
11.550000	-41.331267
11.560000	-41.436552
11.570000	-41.533928
11.580000	-41.630102
11.590000	-41.718404
11.600000	-41.821551
11.610000	-41.939999
11.620000	-42.056624
11.630000	-42.175993
11.640000	-42.306587
11.650000	-42.447098
11.660000	-42.596452
11.670000	-42.756382
11.680000	-42.917066
11.690000	-43.078119
11.700000	-43.245716
11.710000	-43.417593
11.720000	-43.622601
11.730000	-43.864134
11.740000	-44.126925
11.750000	-44.419333
11.760000	-44.726203
11.770000	-45.046614
11.780000	-45.395670
11.790000	-45.770531
11.800000	-46.148695
11.810000	-46.530423
11.820000	-46.924942
11.830000	-47.326903
11.840000	-47.753812
11.850000	-48.207023
11.860000	-48.673600
11.870000	-49.157650
11.880000	-49.579452
11.890000	-49.929573
11.900000	-50.248397
11.910000	-50.512510
11.920000	-50.764739
11.930000	-51.007041
11.940000	-51.196611
11.950000	-51.341105
11.960000	-51.502777
11.970000	-51.680474
11.980000	-51.848183
11.990000	-52.020400
12.000000	-52.147766
12.010000	-52.226112
12.020000	-52.291165
12.030000	-52.331035
12.040000	-52.395260
12.050000	-52.491996
12.060000	-52.588770
12.070000	-52.700250
12.080000	-52.805238
12.090000	-52.901175
12.100000	-53.011661
12.110000	-53.132389
12.120000	-53.212917
12.130000	-53.252104
12.140000	-53.271453
12.150000	-53.258167
12.160000	-53.247687
12.170000	-53.242348
12.180000	-53.213799
12.190000	-53.169816
12.200000	-53.099778
12.210000	-52.999175
12.220000	-52.878290
12.230000	-52.732984
12.240000	-52.562226
12.250000	-52.366229
12.260000	-52.141358
12.270000	-51.886881
12.280000	-51.620489
12.290000	-51.342576
12.300000	-51.043566
12.310000	-50.727631
12.320000	-50.382834
12.330000	-50.007657
12.340000	-49.611164
12.350000	-49.190261
12.360000	-48.742804
12.370000	-48.269282
12.380000	-47.768161
12.390000	-47.238818
12.400000	-46.683957
12.410000	-46.103094
12.420000	-45.494130
12.430000	-44.857303
12.440000	-44.189391
12.450000	-43.489587
12.460000	-42.759282
12.470000	-41.997267
12.480000	-41.204269
12.490000	-40.380025
12.500000	-39.522861
12.510000	-38.632602
12.520000	-37.895932
12.530000	-37.331485
12.540000	-36.851524
12.550000	-36.510044
12.560000	-36.199257
12.570000	-35.915089
12.580000	-35.760649
12.590000	-35.716452
12.600000	-35.648551
12.610000	-35.560803
12.620000	-35.507314
12.630000	-35.457354
12.640000	-35.520558
12.650000	-35.706052
12.660000	-35.935873
12.670000	-36.236564
12.680000	-36.480090
12.690000	-36.646945
12.700000	-36.817996
12.710000	-36.955717
12.720000	-37.118085
12.730000	-37.311471
12.740000	-37.473702
12.750000	-37.616563
12.760000	-37.864360
12.770000	-38.219450
12.780000	-38.629627
12.790000	-39.126299
12.800000	-39.620988
12.810000	-40.107952
12.820000	-40.657468
12.830000	-41.250100
12.840000	-41.739241
12.850000	-42.118180
12.860000	-42.442077
12.870000	-42.670731
12.880000	-42.905588
12.890000	-43.149337
12.900000	-43.315218
12.910000	-43.422466
12.920000	-43.551300
12.930000	-43.696716
12.940000	-43.831468
12.950000	-43.973303
12.960000	-44.049472
12.970000	-44.054730
12.980000	-44.038552
12.990000	-43.983433
13.000000	-44.014182
13.010000	-44.147311
13.020000	-44.310491
13.030000	-44.539926
13.040000	-44.773932
13.050000	-45.007262
13.060000	-45.302958
13.070000	-45.648863
13.080000	-45.936156
13.090000	-46.164160
13.100000	-46.377751
13.110000	-46.550052
13.120000	-46.761607
13.130000	-47.017944
13.140000	-47.256949
13.150000	-47.496757
13.160000	-47.696916
13.170000	-47.846422
13.180000	-47.977169
13.190000	-48.075644
13.200000	-48.150222
13.210000	-48.202504
13.220000	-48.215589
13.230000	-48.190381
13.240000	-48.178641
13.250000	-48.181541
13.260000	-48.173845
13.270000	-48.168196
13.280000	-48.129050
13.290000	-48.052928
13.300000	-47.967535
13.310000	-47.864342
13.320000	-47.747903
13.330000	-47.621439
13.340000	-47.476338
13.350000	-47.314437
13.360000	-47.138849
13.370000	-46.948672
13.380000	-46.743939
13.390000	-46.525098
13.400000	-46.276651
13.410000	-45.997226
13.420000	-45.694414
13.430000	-45.363881
13.440000	-45.014149
13.450000	-44.645690
13.460000	-44.250393
13.470000	-43.829887
13.480000	-43.469063
13.490000	-43.175330
13.500000	-42.909818
13.510000	-42.696659
13.520000	-42.484834
13.530000	-42.272286
13.540000	-42.106299
13.550000	-41.977356
13.560000	-41.827190
13.570000	-41.657556
13.580000	-41.491087
13.590000	-41.314318
13.600000	-41.175310
13.610000	-41.077764
13.620000	-40.987370
13.630000	-40.915582
13.640000	-40.803178
13.650000	-40.641131
13.660000	-40.466055
13.670000	-40.260472
13.680000	-40.051227
13.690000	-39.840977
13.700000	-39.600704
13.710000	-39.335666
13.720000	-39.102006
13.730000	-38.900476
13.740000	-38.707258
13.750000	-38.536334
13.760000	-38.347160
13.770000	-38.136884
13.780000	-37.937194
13.790000	-37.738987
13.800000	-37.553526
13.810000	-37.385542
13.820000	-37.223308
13.830000	-37.071060
13.840000	-36.929938
13.850000	-36.799402
13.860000	-36.682983
13.870000	-36.581251
13.880000	-36.474425
13.890000	-36.361761
13.900000	-36.253550
13.910000	-36.144897
13.920000	-36.048600
13.930000	-35.966038
13.940000	-35.886960
13.950000	-35.814464
13.960000	-35.751694
13.970000	-35.697927
13.980000	-35.654046
13.990000	-35.620755
14.000000	-35.594170
14.010000	-35.574508
14.020000	-35.564375
14.030000	-35.563105
14.040000	-35.573181
14.050000	-35.595222
14.060000	-35.627713
14.070000	-35.671517
14.080000	-35.726166
14.090000	-35.791709
14.100000	-35.869249
14.110000	-35.958836
14.120000	-36.030294
14.130000	-36.080856
14.140000	-36.124848
14.150000	-36.153697
14.160000	-36.185206
14.170000	-36.220213
14.180000	-36.242118
14.190000	-36.254293
14.200000	-36.278205
14.210000	-36.313365
14.220000	-36.351412
14.230000	-36.397386
14.240000	-36.433926
14.250000	-36.459751
14.260000	-36.487459
14.270000	-36.512973
14.280000	-36.556553
14.290000	-36.621437
14.300000	-36.695039
14.310000	-36.783408
14.320000	-36.877652
14.330000	-36.976922
14.340000	-37.091111
14.350000	-37.218536
14.360000	-37.339789
14.370000	-37.454652
14.380000	-37.571505
14.390000	-37.685561
14.400000	-37.810884
14.410000	-37.948535
14.420000	-38.087615
14.430000	-38.231337
14.440000	-38.338108
14.450000	-38.402468
14.460000	-38.446187
14.470000	-38.456863
14.480000	-38.455770
14.490000	-38.443887
14.500000	-38.399165
14.510000	-38.325295
14.520000	-38.256266
14.530000	-38.191539
14.540000	-38.116519
14.550000	-38.039109
14.560000	-37.932638
14.570000	-37.794746
14.580000	-37.644758
14.590000	-37.476192
14.600000	-37.313945
14.610000	-37.162201
14.620000	-37.004206
14.630000	-36.847311
14.640000	-36.681044
14.650000	-36.504009
14.660000	-36.327913
14.670000	-36.150564
14.680000	-35.945822
14.690000	-35.712970
14.700000	-35.463106
14.710000	-35.189525
14.720000	-34.910337
14.730000	-34.626664
14.740000	-34.323820
14.750000	-34.005708
14.760000	-33.770118
14.770000	-33.625269
14.780000	-33.528055
14.790000	-33.506359
14.800000	-33.500436
14.810000	-33.508317
14.820000	-33.585201
14.830000	-33.720156
14.840000	-33.848151
14.850000	-33.971664
14.860000	-34.116009
14.870000	-34.266444
14.880000	-34.477734
14.890000	-34.754328
14.900000	-35.057842
14.910000	-35.401556
14.920000	-35.713658
14.930000	-35.983759
14.940000	-36.256012
14.950000	-36.509487
14.960000	-36.777827
14.970000	-37.064474
14.980000	-37.334101
14.990000	-37.593515
15.000000	-37.910081
15.010000	-38.284855
15.020000	-38.689799
15.030000	-39.141854
15.040000	-39.592557
15.050000	-40.038759
15.060000	-40.518687
15.070000	-41.021656
15.080000	-41.477163
15.090000	-41.882445
15.100000	-42.263048
15.110000	-42.599740
15.120000	-42.942340
15.130000	-43.292051
15.140000	-43.606734
15.150000	-43.895837
15.160000	-44.196336
15.170000	-44.505649
15.180000	-44.811579
15.190000	-45.122214
15.200000	-45.403343
15.210000	-45.652515
15.220000	-45.892747
15.230000	-46.115777
15.240000	-46.383551
15.250000	-46.704083
15.260000	-47.041773
15.270000	-47.414538
15.280000	-47.791396
15.290000	-48.169750
15.300000	-48.581007
15.310000	-49.019047
15.320000	-49.430458
15.330000	-49.814950
15.340000	-50.194431
15.350000	-50.555715
15.360000	-50.938448
15.370000	-51.345327
15.380000	-51.745809
15.390000	-52.148812
15.400000	-52.451003
15.410000	-52.638384
15.420000	-52.765633
15.430000	-52.801797
15.440000	-52.798717
15.450000	-52.758780
15.460000	-52.627524
15.470000	-52.413836
15.480000	-52.202927
15.490000	-51.993459
15.500000	-51.748532
15.510000	-51.487914
15.520000	-51.144887
15.530000	-50.713435
15.540000	-50.241853
15.550000	-49.713859
15.560000	-49.188653
15.570000	-48.676322
15.580000	-48.136292
15.590000	-47.586013
15.600000	-47.000924
15.610000	-46.377523
15.620000	-45.743370
15.630000	-45.093211
15.640000	-44.363663
15.650000	-43.552780
15.660000	-42.687414
15.670000	-41.751185
15.680000	-40.787600
15.690000	-39.799244
15.700000	-38.750510
15.710000	-37.650670
15.720000	-36.720344
15.730000	-35.977651
15.740000	-35.325525
15.750000	-34.826671
15.760000	-34.345478
15.770000	-33.877332
15.780000	-33.546870
15.790000	-33.329103
15.800000	-33.077910
15.810000	-32.798777
15.820000	-32.548147
15.830000	-32.292789
15.840000	-32.155689
15.850000	-32.146653
15.860000	-32.179255
15.870000	-32.283191
15.880000	-32.295616
15.890000	-32.192893
15.900000	-32.074688
15.910000	-31.893430
15.920000	-31.725280
15.930000	-31.577840
15.940000	-31.370847
15.950000	-31.119569
15.960000	-30.976078
15.970000	-30.942552
15.980000	-30.955470
15.990000	-31.052928
16.000000	-31.125135
16.010000	-31.164787
16.020000	-31.258124
16.030000	-31.380788
16.040000	-31.464082
16.050000	-31.510918
16.060000	-31.536374
16.070000	-31.523257
16.080000	-31.532014
16.090000	-31.563427
16.100000	-31.572301
16.110000	-31.570611
16.120000	-31.576623
16.130000	-31.586396
16.140000	-31.598842
16.150000	-31.617281
16.160000	-31.617831
16.170000	-31.599441
16.180000	-31.576167
16.190000	-31.542305
16.200000	-31.575572
16.210000	-31.684612
16.220000	-31.828373
16.230000	-32.029116
16.240000	-32.245062
16.250000	-32.473481
16.260000	-32.755130
16.270000	-33.081941
16.280000	-33.393781
16.290000	-33.691173
16.300000	-33.998241
16.310000	-34.300514
16.320000	-34.644540
16.330000	-35.033653
16.340000	-35.433083
16.350000	-35.853556
16.360000	-36.195583
16.370000	-36.445432
16.380000	-36.657574
16.390000	-36.802346
16.400000	-36.928837
16.410000	-37.039842
16.420000	-37.083680
16.430000	-37.069044
16.440000	-37.080391
16.450000	-37.116991
16.460000	-37.142546
16.470000	-37.177011
16.480000	-37.155485
16.490000	-37.072446
16.500000	-36.975751
16.510000	-36.849873
16.520000	-36.748818
16.530000	-36.682471
16.540000	-36.613575
16.550000	-36.558381
16.560000	-36.495794
16.570000	-36.422908
16.580000	-36.364724
16.590000	-36.316983
16.600000	-36.221031
16.610000	-36.075286
16.620000	-35.905275
16.630000	-35.696060
16.640000	-35.488195
16.650000	-35.284426
16.660000	-35.052059
16.670000	-34.799993
16.680000	-34.606294
16.690000	-34.475020
16.700000	-34.375753
16.710000	-34.330002
16.720000	-34.284911
16.730000	-34.238954
16.740000	-34.237847
16.750000	-34.271576
16.760000	-34.295946
16.770000	-34.313460
16.780000	-34.339491
16.790000	-34.364182
16.800000	-34.426957
16.810000	-34.530682
16.820000	-34.648317
16.830000	-34.789330
16.840000	-34.890157
16.850000	-34.942197
16.860000	-34.982689
16.870000	-34.993153
16.880000	-35.004589
16.890000	-35.019708
16.900000	-35.006568
16.910000	-34.971281
16.920000	-34.970004
16.930000	-35.003163
16.940000	-35.047496
16.950000	-35.116898
16.960000	-35.169985
16.970000	-35.203910
16.980000	-35.250671
16.990000	-35.300960
17.000000	-35.331399
17.010000	-35.343127
17.020000	-35.340416
17.030000	-35.317365
17.040000	-35.294972
17.050000	-35.273285
17.060000	-35.236572
17.070000	-35.188863
17.080000	-35.135185
17.090000	-35.073940
17.100000	-35.005175
17.110000	-34.929580
17.120000	-34.839392
17.130000	-34.734147
17.140000	-34.617966
17.150000	-34.488860
17.160000	-34.374600
17.170000	-34.278045
17.180000	-34.184440
17.190000	-34.101603
17.200000	-34.014176
17.210000	-33.921029
17.220000	-33.836712
17.230000	-33.758127
17.240000	-33.663793
17.250000	-33.553764
17.260000	-33.436377
17.270000	-33.306350
17.280000	-33.180099
17.290000	-33.058642
17.300000	-32.929463
17.310000	-32.796222
17.320000	-32.698593
17.330000	-32.639280
17.340000	-32.602343
17.350000	-32.598990
17.360000	-32.603488
17.370000	-32.615230
17.380000	-32.657289
17.390000	-32.724986
17.400000	-32.794268
17.410000	-32.866439
17.420000	-32.950533
17.430000	-33.041255
17.440000	-33.159791
17.450000	-33.307898
17.460000	-33.471151
17.470000	-33.654770
17.480000	-33.826247
17.490000	-33.981245
17.500000	-34.139214
17.510000	-34.290797
17.520000	-34.451961
17.530000	-34.624275
17.540000	-34.791525
17.550000	-34.956991
17.560000	-35.150082
17.570000	-35.371215
17.580000	-35.608399
17.590000	-35.869044
17.600000	-36.131836
17.610000	-36.395460
17.620000	-36.676723
17.630000	-36.970962
17.640000	-37.221378
17.650000	-37.424125
17.660000	-37.602547
17.670000	-37.740693
17.680000	-37.875289
17.690000	-38.007394
17.700000	-38.104215
17.710000	-38.172557
17.720000	-38.247312
17.730000	-38.326795
17.740000	-38.398050
17.750000	-38.468891
17.760000	-38.509005
17.770000	-38.516014
17.780000	-38.510862
17.790000	-38.486196
17.800000	-38.487229
17.810000	-38.520191
17.820000	-38.558066
17.830000	-38.613980
17.840000	-38.666110
17.850000	-38.712399
17.860000	-38.775385
17.870000	-38.850691
17.880000	-38.897369
17.890000	-38.914941
17.900000	-38.920335
17.910000	-38.903326
17.920000	-38.893744
17.930000	-38.893560
17.940000	-38.879457
17.950000	-38.858060
17.960000	-38.863342
17.970000	-38.896121
17.980000	-38.945172
17.990000	-39.019649
18.000000	-39.094415
18.010000	-39.168992
18.020000	-39.264140
18.030000	-39.375089
18.040000	-39.485841
18.050000	-39.597834
18.060000	-39.715931
18.070000	-39.836741
18.080000	-39.975864
18.090000	-40.134404
18.100000	-40.302156
18.110000	-40.482923
18.120000	-40.644903
18.130000	-40.784178
18.140000	-40.918720
18.150000	-41.039392
18.160000	-41.162490
18.170000	-41.289344
18.180000	-41.403712
18.190000	-41.508835
18.200000	-41.631509
18.210000	-41.771845
18.220000	-41.918979
18.230000	-42.079529
18.240000	-42.233492
18.250000	-42.379537
18.260000	-42.533053
18.270000	-42.689554
18.280000	-42.801347
18.290000	-42.865223
18.300000	-42.900272
18.310000	-42.893032
18.320000	-42.874478
18.330000	-42.845331
18.340000	-42.777848
18.350000	-42.677662
18.360000	-42.573401
18.370000	-42.463469
18.380000	-42.337146
18.390000	-42.200716
18.400000	-42.028869
18.410000	-41.819502
18.420000	-41.589802
18.430000	-41.333523
18.440000	-41.089289
18.450000	-40.862240
18.460000	-40.629222
18.470000	-40.401339
18.480000	-40.159609
18.490000	-39.902147
18.500000	-39.648196
18.510000	-39.393843
18.520000	-39.104106
18.530000	-38.778470
18.540000	-38.431172
18.550000	-38.053384
18.560000	-37.670419
18.570000	-37.283821
18.580000	-36.873594
18.590000	-36.445259
18.600000	-36.110593
18.610000	-35.878708
18.620000	-35.701136
18.630000	-35.609719
18.640000	-35.535450
18.650000	-35.476197
18.660000	-35.495419
18.670000	-35.580521
18.680000	-35.658274
18.690000	-35.731673
18.700000	-35.829102
18.710000	-35.934055
18.720000	-36.108689
18.730000	-36.358093
18.740000	-36.638940
18.750000	-36.966363
18.760000	-37.256296
18.770000	-37.496788
18.780000	-37.739254
18.790000	-37.959266
18.800000	-38.196627
18.810000	-38.455388
18.820000	-38.694077
18.830000	-38.920786
18.840000	-39.213820
18.850000	-39.574399
18.860000	-39.970083
18.870000	-40.420581
18.880000	-40.869499
18.890000	-41.313221
18.900000	-41.796255
18.910000	-42.306195
18.920000	-42.734694
18.930000	-43.075852
18.940000	-43.371740
18.950000	-43.592337
18.960000	-43.810721
18.970000	-44.028831
18.980000	-44.183086
18.990000	-44.287183
19.000000	-44.403098
19.010000	-44.527262
19.020000	-44.637758
19.030000	-44.748323
19.040000	-44.803603
19.050000	-44.799417
19.060000	-44.773558
19.070000	-44.712622
19.080000	-44.706897
19.090000	-44.768450
19.100000	-44.844326
19.110000	-44.960684
19.120000	-45.073171
19.130000	-45.177830
19.140000	-45.320039
19.150000	-45.490965
19.160000	-45.610741
19.170000	-45.678663
19.180000	-45.727623
19.190000	-45.737777
19.200000	-45.767824
19.210000	-45.821690
19.220000	-45.853802
19.230000	-45.877275
19.240000	-45.896404
19.250000	-45.906499
19.260000	-45.914837
19.270000	-45.921302
19.280000	-45.912424
19.290000	-45.888577
19.300000	-45.856069
19.310000	-45.811976
19.320000	-45.769680
19.330000	-45.730678
19.340000	-45.686338
19.350000	-45.640247
19.360000	-45.586321
19.370000	-45.523625
19.380000	-45.458162
19.390000	-45.388473
19.400000	-45.294666
19.410000	-45.175504
19.420000	-45.039289
19.430000	-44.880519
19.440000	-44.711888
19.450000	-44.533838
19.460000	-44.335098
19.470000	-44.118069
19.480000	-43.893901
19.490000	-43.661967
19.500000	-43.418297
19.510000	-43.165363
19.520000	-42.893312
19.530000	-42.601396
19.540000	-42.296367
19.550000	-41.975843
19.560000	-41.743507
19.570000	-41.610535
19.580000	-41.526555
19.590000	-41.521752
19.600000	-41.538118
19.610000	-41.573271
19.620000	-41.683757
19.630000	-41.859142
19.640000	-42.022398
19.650000	-42.175409
19.660000	-42.349777
19.670000	-42.527725
19.680000	-42.771447
19.690000	-43.086166
19.700000	-43.427332
19.710000	-43.809981
19.720000	-44.166662
19.730000	-44.486743
19.740000	-44.813613
19.750000	-45.127427
19.760000	-45.457988
19.770000	-45.808735
19.780000	-46.147224
19.790000	-46.479529
19.800000	-46.872629
19.810000	-47.327930
19.820000	-47.817145
19.830000	-48.357246
19.840000	-48.900896
19.850000	-49.445024
19.860000	-50.027401
19.870000	-50.637655
19.880000	-51.139652
19.890000	-51.523925
19.900000	-51.847009
19.910000	-52.070629
19.920000	-52.282159
19.930000	-52.484200
19.940000	-52.598442
19.950000	-52.641078
19.960000	-52.696342
19.970000	-52.760276
19.980000	-52.801458
19.990000	-52.838789
20.000000	-52.799376
20.010000	-52.677493
20.020000	-52.523607
20.030000	-52.320052
20.040000	-52.172910
20.050000	-52.096928
20.060000	-52.028400
20.070000	-51.998146
20.080000	-51.955245
20.090000	-51.894828
20.100000	-51.869648
20.110000	-51.869480
20.120000	-51.797702
20.130000	-51.653122
20.140000	-51.475742
20.150000	-51.241403
20.160000	-51.020351
20.170000	-50.817211
20.180000	-50.577003
20.190000	-50.315315
20.200000	-50.061032
20.210000	-49.810796
20.220000	-49.562023
20.230000	-49.321359
20.240000	-49.058808
20.250000	-48.774191
20.260000	-48.488116
20.270000	-48.194486
20.280000	-47.892267
20.290000	-47.583652
20.300000	-47.265037
20.310000	-46.936729
20.320000	-46.605247
20.330000	-46.270528
20.340000	-45.929780
20.350000	-45.584524
20.360000	-45.194916
20.370000	-44.756934
20.380000	-44.290532
20.390000	-43.784355
20.400000	-43.260678
20.410000	-42.720736
20.420000	-42.143221
20.430000	-41.532373
20.440000	-40.916977
20.450000	-40.296490
20.460000	-39.659532
20.470000	-39.012899
20.480000	-38.333660
20.490000	-37.620109
20.500000	-36.889014
20.510000	-36.135001
20.520000	-35.527294
20.530000	-35.084876
20.540000	-34.724564
20.550000	-34.495881
20.560000	-34.305630
20.570000	-34.149984
20.580000	-34.120835
20.590000	-34.201576
20.600000	-34.264403
20.610000	-34.312310
20.620000	-34.398281
20.630000	-34.492836
20.640000	-34.698748
20.650000	-35.024793
20.660000	-35.397320
20.670000	-35.841251
20.680000	-36.247855
20.690000	-36.599883
20.700000	-36.967865
20.710000	-37.319846
20.720000	-37.703625
20.730000	-38.124904
20.740000	-38.531585
20.750000	-38.933507
20.760000	-39.439702
20.770000	-40.052641
20.780000	-40.726330
20.790000	-41.488505
20.800000	-42.262456
20.810000	-43.043307
20.820000	-43.892541
20.830000	-44.793447
20.840000	-45.567988
20.850000	-46.205343
20.860000	-46.777396
20.870000	-47.234623
20.880000	-47.694489
20.890000	-48.160522
20.900000	-48.529428
20.910000	-48.823285
20.920000	-49.148212
20.930000	-49.498887
20.940000	-49.837040
20.950000	-50.186503
20.960000	-50.454401
20.970000	-50.633778
20.980000	-50.788849
20.990000	-50.897279
21.000000	-51.101932
21.010000	-51.422482
21.020000	-51.774405
21.030000	-52.199303
21.040000	-52.628152
21.050000	-53.054751
21.060000	-53.550601
21.070000	-54.102060
21.080000	-54.581211
21.090000	-54.986898
21.100000	-55.372233
21.110000	-55.705486
21.120000	-56.080487
21.130000	-56.503652
21.140000	-56.902190
21.150000	-57.297148
21.160000	-57.653666
21.170000	-57.960020
21.180000	-58.247482
21.190000	-58.503767
21.200000	-58.731374
21.210000	-58.931792
21.220000	-59.092046
21.230000	-59.211787
21.240000	-59.342590
21.250000	-59.485991
21.260000	-59.615941
21.270000	-59.745099
21.280000	-59.839059
21.290000	-59.894259
21.300000	-59.937840
21.310000	-59.961485
21.320000	-59.962516
21.330000	-59.943371
21.340000	-59.898966
21.350000	-59.829032
21.360000	-59.740625
21.370000	-59.633002
21.380000	-59.502304
21.390000	-59.349677
21.400000	-59.164717
21.410000	-58.945889
21.420000	-58.698684
21.430000	-58.419925
21.440000	-58.113958
21.450000	-57.780887
21.460000	-57.415543
21.470000	-57.018527
21.480000	-56.652343
21.490000	-56.322321
21.500000	-55.999226
21.510000	-55.700665
21.520000	-55.388977
21.530000	-55.062363
21.540000	-54.755391
21.550000	-54.460832
21.560000	-54.135192
21.570000	-53.779492
21.580000	-53.410336
21.590000	-53.017472
21.600000	-52.636227
21.610000	-52.269099
21.620000	-51.890410
21.630000	-51.508388
21.640000	-51.080303
21.650000	-50.599356
21.660000	-50.091760
21.670000	-49.544718
21.680000	-48.977066
21.690000	-48.390492
21.700000	-47.764009
21.710000	-47.101120
21.720000	-46.442180
21.730000	-45.787526
21.740000	-45.119657
21.750000	-44.448453
21.760000	-43.744436
21.770000	-43.005308
21.780000	-42.253721
21.790000	-41.482873
21.800000	-40.798693
21.810000	-40.214461
21.820000	-39.675662
21.830000	-39.213683
21.840000	-38.773037
21.850000	-38.351218
21.860000	-38.004776
21.870000	-37.723969
21.880000	-37.424007
21.890000	-37.106366
21.900000	-36.807043
21.910000	-36.506334
21.920000	-36.271138
21.930000	-36.107276
21.940000	-35.966345
21.950000	-35.864556
21.960000	-35.736782
21.970000	-35.572246
21.980000	-35.414163
21.990000	-35.243297
22.000000	-35.087394
22.010000	-34.949975
22.020000	-34.800193
22.030000	-34.643785
22.040000	-34.548015
22.050000	-34.514582
22.060000	-34.514914
22.070000	-34.566187
22.080000	-34.621482
22.090000	-34.677823
22.100000	-34.773027
22.110000	-34.896907
22.120000	-34.971284
22.130000	-34.992781
22.140000	-34.991077
22.150000	-34.944887
22.160000	-34.908596
22.170000	-34.883839
22.180000	-34.824461
22.190000	-34.740932
22.200000	-34.676100
22.210000	-34.627464
22.220000	-34.580761
22.230000	-34.545605
22.240000	-34.483447
22.250000	-34.391681
22.260000	-34.296823
22.270000	-34.189734
22.280000	-34.136545
22.290000	-34.146174
22.300000	-34.180532
22.310000	-34.258931
22.320000	-34.349001
22.330000	-34.448140
22.340000	-34.589814
22.350000	-34.767785
22.360000	-34.924678
22.370000	-35.060303
22.380000	-35.198579
22.390000	-35.325467
22.400000	-35.483723
22.410000	-35.676446
22.420000	-35.870968
22.430000	-36.077052
22.440000	-36.248513
22.450000	-36.377136
22.460000	-36.491632
22.470000	-36.577753
22.480000	-36.654391
22.490000	-36.723044
22.500000	-36.761138
22.510000	-36.771853
22.520000	-36.800634
22.530000	-36.847702
22.540000	-36.892554
22.550000	-36.946111
22.560000	-36.975005
22.570000	-36.976287
22.580000	-36.975163
22.590000	-36.963682
22.600000	-36.961531
22.610000	-36.973144
22.620000	-36.983236
22.630000	-36.997925
22.640000	-37.011191
22.650000	-37.021817
22.660000	-37.038271
22.670000	-37.059323
22.680000	-37.060219
22.690000	-37.040030
22.700000	-37.009885
22.710000	-36.963392
22.720000	-36.917037
22.730000	-36.871952
22.740000	-36.814536
22.750000	-36.748369
22.760000	-36.729182
22.770000	-36.760987
22.780000	-36.820118
22.790000	-36.922240
22.800000	-37.031992
22.810000	-37.148211
22.820000	-37.302706
22.830000	-37.488882
22.840000	-37.671686
22.850000	-37.852626
22.860000	-38.044813
22.870000	-38.240313
22.880000	-38.469132
22.890000	-38.733584
22.900000	-39.012721
22.910000	-39.313762
22.920000	-39.594883
22.930000	-39.850122
22.940000	-40.104753
22.950000	-40.346569
22.960000	-40.595349
22.970000	-40.852988
22.980000	-41.098756
22.990000	-41.336591
23.000000	-41.604905
23.010000	-41.904164
23.020000	-42.218349
23.030000	-42.557042
23.040000	-42.892335
23.050000	-43.222345
23.060000	-43.568879
23.070000	-43.925714
23.080000	-44.258235
23.090000	-44.565366
23.100000	-44.858900
23.110000	-45.129432
23.120000	-45.402058
23.130000	-45.677258
23.140000	-45.934035
23.150000	-46.177115
23.160000	-46.423411
23.170000	-46.671487
23.180000	-46.915967
23.190000	-47.160444
23.200000	-47.388667
23.210000	-47.599438
23.220000	-47.803426
23.230000	-47.996647
23.240000	-48.210617
23.250000	-48.449247
23.260000	-48.694542
23.270000	-48.955545
23.280000	-49.216176
23.290000	-49.475066
23.300000	-49.748245
23.310000	-50.032484
23.320000	-50.300914
23.330000	-50.553365
23.340000	-50.800708
23.350000	-51.036274
23.360000	-51.279994
23.370000	-51.533158
23.380000	-51.780343
23.390000	-52.025985
23.400000	-52.254200
23.410000	-52.461613
23.420000	-52.658782
23.430000	-52.840616
23.440000	-53.012448
23.450000	-53.174734
23.460000	-53.320024
23.470000	-53.449073
23.480000	-53.578759
23.490000	-53.709182
23.500000	-53.832351
23.510000	-53.952274
23.520000	-54.056693
23.530000	-54.144392
23.540000	-54.224567
23.550000	-54.294213
23.560000	-54.358211
23.570000	-54.417875
23.580000	-54.468564
23.590000	-54.511782
23.600000	-54.546511
23.610000	-54.572261
23.620000	-54.590817
23.630000	-54.601867
23.640000	-54.597756
23.650000	-54.577998
23.660000	-54.545972
23.670000	-54.499586
23.680000	-54.443532
23.690000	-54.378026
23.700000	-54.298873
23.710000	-54.206983
23.720000	-54.114925
23.730000	-54.023344
23.740000	-53.926858
23.750000	-53.828852
23.760000	-53.720882
23.770000	-53.602528
23.780000	-53.480961
23.790000	-53.354463
23.800000	-53.215287
23.810000	-53.063651
23.820000	-52.902147
23.830000	-52.728911
23.840000	-52.550407
23.850000	-52.366974
23.860000	-52.173872
23.870000	-51.972536
23.880000	-51.753233
23.890000	-51.514463
23.900000	-51.261811
23.910000	-50.992328
23.920000	-50.710430
23.930000	-50.416389
23.940000	-50.105285
23.950000	-49.777872
23.960000	-49.442680
23.970000	-49.099648
23.980000	-48.745007
23.990000	-48.380764
24.000000	-48.000428
24.010000	-47.603413
24.020000	-47.194502
24.030000	-46.772122
24.040000	-46.416692
24.050000	-46.136907
24.060000	-45.893952
24.070000	-45.711294
24.080000	-45.543875
24.090000	-45.389944
24.100000	-45.293495
24.110000	-45.246487
24.120000	-45.189221
24.130000	-45.123237
24.140000	-45.073120
24.150000	-45.025151
24.160000	-45.027690
24.170000	-45.084863
24.180000	-45.162161
24.190000	-45.271333
24.200000	-45.358857
24.210000	-45.416427
24.220000	-45.478376
24.230000	-45.529017
24.240000	-45.592261
24.250000	-45.670879
24.260000	-45.739075
24.270000	-45.801766
24.280000	-45.911899
24.290000	-46.070613
24.300000	-46.255663
24.310000	-46.480497
24.320000	-46.707717
24.330000	-46.934951
24.340000	-47.192105
24.350000	-47.471023
24.360000	-47.651364
24.370000	-47.724376
24.380000	-47.740766
24.390000	-47.666601
24.400000	-47.578309
24.410000	-47.478237
24.420000	-47.297460
24.430000	-47.050117
24.440000	-46.812015
24.450000	-46.579781
24.460000	-46.324863
24.470000	-46.064330
24.480000	-45.733054
24.490000	-45.325895
24.500000	-44.888116
24.510000	-44.403947
24.520000	-43.966103
24.530000	-43.587603
24.540000	-43.212527
24.550000	-42.867846
24.560000	-42.509309
24.570000	-42.132645
24.580000	-41.783871
24.590000	-41.454103
24.600000	-41.058403
24.610000	-40.595682
24.620000	-40.101179
24.630000	-39.553645
24.640000	-39.014735
24.650000	-38.488518
24.660000	-37.926698
24.670000	-37.342955
24.680000	-36.839056
24.690000	-36.419909
24.700000	-36.047525
24.710000	-35.749990
24.720000	-35.457249
24.730000	-35.167669
24.740000	-34.941603
24.750000	-34.765955
24.760000	-34.585077
24.770000	-34.402640
24.780000	-34.237895
24.790000	-34.078692
24.800000	-33.975845
24.810000	-33.933226
24.820000	-33.916623
24.830000	-33.938431
24.840000	-33.911461
24.850000	-33.824381
24.860000	-33.727995
24.870000	-33.597161
24.880000	-33.475339
24.890000	-33.366404
24.900000	-33.226396
24.910000	-33.064043
24.920000	-32.955702
24.930000	-32.902046
24.940000	-32.871892
24.950000	-32.884253
24.960000	-32.882958
24.970000	-32.864346
24.980000	-32.872094
24.990000	-32.893717
25.000000	-32.919744
25.010000	-32.954173
25.020000	-32.992641
25.030000	-33.033746
25.040000	-33.093566
25.050000	-33.171916
25.060000	-33.259815
25.070000	-33.360685
25.080000	-33.465734
25.090000	-33.573480
25.100000	-33.690633
25.110000	-33.814728
25.120000	-33.948415
25.130000	-34.092376
25.140000	-34.243226
25.150000	-34.401637
25.160000	-34.590645
25.170000	-34.812087
25.180000	-35.055612
25.190000	-35.327700
25.200000	-35.614455
25.210000	-35.915323
25.220000	-36.243074
25.230000	-36.595105
25.240000	-36.957014
25.250000	-37.329393
25.260000	-37.717692
25.270000	-38.118648
25.280000	-38.544460
25.290000	-38.996079
25.300000	-39.464958
25.310000	-39.954035
25.320000	-40.394124
25.330000	-40.777425
25.340000	-41.138601
25.350000	-41.457483
25.360000	-41.771959
25.370000	-42.083798
25.380000	-42.355705
25.390000	-42.594559
25.400000	-42.853406
25.410000	-43.131241
25.420000	-43.406207
25.430000	-43.690689
25.440000	-43.942510
25.450000	-44.158209
25.460000	-44.368365
25.470000	-44.562882
25.480000	-44.785092
25.490000	-45.042124
25.500000	-45.305857
25.510000	-45.589164
25.520000	-45.873473
25.530000	-46.156648
25.540000	-46.459428
25.550000	-46.778107
25.560000	-47.069060
25.570000	-47.331407
25.580000	-47.583825
25.590000	-47.815320
25.600000	-48.056742
25.610000	-48.310201
25.620000	-48.551194
25.630000	-48.786557
25.640000	-49.000957
25.650000	-49.189931
25.660000	-49.365394
25.670000	-49.522039
25.680000	-49.662609
25.690000	-49.787500
25.700000	-49.890215
25.710000	-49.970837
25.720000	-50.049240
25.730000	-50.125710
25.740000	-50.190216
25.750000	-50.247471
25.760000	-50.283554
25.770000	-50.296917
25.780000	-50.298087
25.790000	-50.283574
25.800000	-50.255795
25.810000	-50.215894
25.820000	-50.159948
25.830000	-50.088725
25.840000	-50.002745
25.850000	-49.901451
25.860000	-49.785135
25.870000	-49.653692
25.880000	-49.500304
25.890000	-49.324265
25.900000	-49.128578
25.910000	-48.911230
25.920000	-48.675839
25.930000	-48.422439
25.940000	-48.147336
25.950000	-47.851091
25.960000	-47.619500
25.970000	-47.460679
25.980000	-47.334656
25.990000	-47.266058
26.000000	-47.204480
26.010000	-47.147929
26.020000	-47.143948
26.030000	-47.183277
26.040000	-47.205243
26.050000	-47.211576
26.060000	-47.226379
26.070000	-47.235660
26.080000	-47.289138
26.090000	-47.390798
26.100000	-47.505155
26.110000	-47.644144
26.120000	-47.748137
26.130000	-47.808026
26.140000	-47.861047
26.150000	-47.889650
26.160000	-47.920813
26.170000	-47.957338
26.180000	-47.970128
26.190000	-47.964553
26.200000	-47.997825
26.210000	-48.070856
26.220000	-48.159466
26.230000	-48.277994
26.240000	-48.385393
26.250000	-48.478873
26.260000	-48.590741
26.270000	-48.711867
26.280000	-48.809002
26.290000	-48.882458
26.300000	-48.941380
26.310000	-48.977132
26.320000	-49.016621
26.330000	-49.060271
26.340000	-49.087005
26.350000	-49.102052
26.360000	-49.117522
26.370000	-49.131746
26.380000	-49.142146
26.390000	-49.151146
26.400000	-49.145419
26.410000	-49.124175
26.420000	-49.095733
26.430000	-49.056867
26.440000	-49.041461
26.450000	-49.053464
26.460000	-49.074382
26.470000	-49.113926
26.480000	-49.154268
26.490000	-49.194101
26.500000	-49.250973
26.510000	-49.321386
26.520000	-49.378046
26.530000	-49.421016
26.540000	-49.461285
26.550000	-49.492196
26.560000	-49.534497
26.570000	-49.589616
26.580000	-49.641819
26.590000	-49.695820
26.600000	-49.737088
26.610000	-49.762464
26.620000	-49.782172
26.630000	-49.791600
26.640000	-49.795395
26.650000	-49.794131
26.660000	-49.781223
26.670000	-49.757412
26.680000	-49.738914
26.690000	-49.725998
26.700000	-49.711114
26.710000	-49.698225
26.720000	-49.675900
26.730000	-49.643116
26.740000	-49.608723
26.750000	-49.570023
26.760000	-49.530697
26.770000	-49.492024
26.780000	-49.450256
26.790000	-49.406644
26.800000	-49.360979
26.810000	-49.312959
26.820000	-49.263823
26.830000	-49.213526
26.840000	-49.155702
26.850000	-49.090004
26.860000	-49.019472
26.870000	-48.942434
26.880000	-48.862856
26.890000	-48.781032
26.900000	-48.693558
26.910000	-48.601289
26.920000	-48.515069
26.930000	-48.435559
26.940000	-48.358241
26.950000	-48.286110
26.960000	-48.212076
26.970000	-48.135882
26.980000	-48.063743
26.990000	-47.994302
27.000000	-47.921032
27.010000	-47.844220
27.020000	-47.766189
27.030000	-47.685448
27.040000	-47.607620
27.050000	-47.533098
27.060000	-47.457934
27.070000	-47.383454
27.080000	-47.301580
27.090000	-47.211146
27.100000	-47.116962
27.110000	-47.016652
27.120000	-46.914011
27.130000	-46.809371
27.140000	-46.698706
27.150000	-46.582747
27.160000	-46.468790
27.170000	-46.356888
27.180000	-46.243961
27.190000	-46.131803
27.200000	-46.015050
27.210000	-45.893311
27.220000	-45.770718
27.230000	-45.646048
27.240000	-45.546719
27.250000	-45.475998
27.260000	-45.420185
27.270000	-45.387374
27.280000	-45.362841
27.290000	-45.345990
27.300000	-45.351619
27.310000	-45.377150
27.320000	-45.401372
27.330000	-45.424759
27.340000	-45.456252
27.350000	-45.490968
27.360000	-45.545879
27.370000	-45.622480
27.380000	-45.708613
27.390000	-45.808421
27.400000	-45.904588
27.410000	-45.994350
27.420000	-46.089094
27.430000	-46.183745
27.440000	-46.285873
27.450000	-46.396434
27.460000	-46.507184
27.470000	-46.619711
27.480000	-46.751651
27.490000	-46.903453
27.500000	-47.067708
27.510000	-47.248932
27.520000	-47.434819
27.530000	-47.624617
27.540000	-47.828275
27.550000	-48.043141
27.560000	-48.200230
27.570000	-48.293685
27.580000	-48.353987
27.590000	-48.361442
27.600000	-48.358096
27.610000	-48.345332
27.620000	-48.284234
27.630000	-48.182484
27.640000	-48.086122
27.650000	-47.993409
27.660000	-47.886376
27.670000	-47.775459
27.680000	-47.621922
27.690000	-47.422606
27.700000	-47.204666
27.710000	-46.958702
27.720000	-46.735344
27.730000	-46.541923
27.740000	-46.347274
27.750000	-46.166153
27.760000	-45.974849
27.770000	-45.770924
27.780000	-45.579277
27.790000	-45.395102
27.800000	-45.170845
27.810000	-44.905748
27.820000	-44.619600
27.830000	-44.300434
27.840000	-43.982442
27.850000	-43.667837
27.860000	-43.329634
27.870000	-42.975365
27.880000	-42.666722
27.890000	-42.406878
27.900000	-42.172213
27.910000	-41.979768
27.920000	-41.787545
27.930000	-41.594455
27.940000	-41.436837
27.950000	-41.306804
27.960000	-41.169696
27.970000	-41.027596
27.980000	-40.892614
27.990000	-40.757091
28.000000	-40.652212
28.010000	-40.580317
28.020000	-40.520187
28.030000	-40.479373
28.040000	-40.405983
28.050000	-40.293134
28.060000	-40.171147
28.070000	-40.024999
28.080000	-39.880286
28.090000	-39.739271
28.100000	-39.575829
28.110000	-39.395056
28.120000	-39.242629
28.130000	-39.118928
28.140000	-39.005166
28.150000	-38.912684
28.160000	-38.807856
28.170000	-38.688431
28.180000	-38.580490
28.190000	-38.476515
28.200000	-38.378317
28.210000	-38.289015
28.220000	-38.202432
28.230000	-38.119872
28.240000	-38.046592
28.250000	-37.982287
28.260000	-37.925704
28.270000	-37.878074
28.280000	-37.828674
28.290000	-37.776737
28.300000	-37.728447
28.310000	-37.681051
28.320000	-37.640541
28.330000	-37.607664
28.340000	-37.577203
28.350000	-37.550603
28.360000	-37.536363
28.370000	-37.534751
28.380000	-37.542849
28.390000	-37.562963
28.400000	-37.589133
28.410000	-37.621254
28.420000	-37.664380
28.430000	-37.717403
28.440000	-37.776763
28.450000	-37.842873
28.460000	-37.916829
28.470000	-37.997927
28.480000	-38.089811
28.490000	-38.192782
28.500000	-38.304568
28.510000	-38.426098
28.520000	-38.494542
28.530000	-38.503339
28.540000	-38.482651
28.550000	-38.414245
28.560000	-38.333720
28.570000	-38.242506
28.580000	-38.106185
28.590000	-37.931186
28.600000	-37.763536
28.610000	-37.602042
28.620000	-37.427956
28.630000	-37.251884
28.640000	-37.036487
28.650000	-36.778650
28.660000	-36.505067
28.670000	-36.206714
28.680000	-35.925140
28.690000	-35.666824
28.700000	-35.405228
28.710000	-35.152562
28.720000	-34.890328
28.730000	-34.616433
28.740000	-34.350935
28.750000	-34.090072
28.760000	-33.792939
28.770000	-33.458714
28.780000	-33.104656
28.790000	-32.720416
28.800000	-32.334994
28.810000	-31.950281
28.820000	-31.543192
28.830000	-31.120094
28.840000	-30.749552
28.850000	-30.435860
28.860000	-30.151344
28.870000	-29.915146
28.880000	-29.682264
28.890000	-29.451410
28.900000	-29.262361
28.910000	-29.106725
28.920000	-28.943535
28.930000	-28.774896
28.940000	-28.615731
28.950000	-28.456890
28.960000	-28.334293
28.970000	-28.250707
28.980000	-28.181397
28.990000	-28.135057
29.000000	-28.056835
29.010000	-27.939225
29.020000	-27.814823
29.030000	-27.667706
29.040000	-27.524460
29.050000	-27.387544
29.060000	-27.229551
29.070000	-27.055795
29.080000	-26.915586
29.090000	-26.809449
29.100000	-26.717005
29.110000	-26.650544
29.120000	-26.574034
29.130000	-26.485078
29.140000	-26.411767
29.150000	-26.346075
29.160000	-26.282476
29.170000	-26.223601
29.180000	-26.166378
29.190000	-26.110069
29.200000	-26.064667
29.210000	-26.030038
29.220000	-26.000732
29.230000	-25.978885
29.240000	-25.958348
29.250000	-25.938170
29.260000	-25.922867
29.270000	-25.910734
29.280000	-25.903861
29.290000	-25.902713
29.300000	-25.904826
29.310000	-25.910721
29.320000	-25.934507
29.330000	-25.977264
29.340000	-26.032731
29.350000	-26.104864
29.360000	-26.185066
29.370000	-26.273000
29.380000	-26.376518
29.390000	-26.494005
29.400000	-26.616813
29.410000	-26.745322
29.420000	-26.882769
29.430000	-27.027202
29.440000	-27.185999
29.450000	-27.359732
29.460000	-27.543251
29.470000	-27.738334
29.480000	-27.914694
29.490000	-28.068807
29.500000	-28.216242
29.510000	-28.348170
29.520000	-28.480902
29.530000	-28.615290
29.540000	-28.735173
29.550000	-28.843546
29.560000	-28.964197
29.570000	-29.096787
29.580000	-29.231500
29.590000	-29.373950
29.600000	-29.505462
29.610000	-29.624545
29.620000	-29.744882
29.630000	-29.862047
29.640000	-29.994303
29.650000	-30.144777
29.660000	-30.301530
29.670000	-30.470040
29.680000	-30.642723
29.690000	-30.818715
29.700000	-31.006716
29.710000	-31.205250
29.720000	-31.395707
29.730000	-31.577733
29.740000	-31.759404
29.750000	-31.936059
29.760000	-32.120876
29.770000	-32.314803
29.780000	-32.507433
29.790000	-32.701719
29.800000	-32.893035
29.810000	-33.079712
29.820000	-33.265998
29.830000	-33.450214
29.840000	-33.632505
29.850000	-33.813045
29.860000	-33.990138
29.870000	-34.163671
29.880000	-34.340839
29.890000	-34.521848
29.900000	-34.703004
29.910000	-34.886058
29.920000	-35.066210
29.930000	-35.242937
29.940000	-35.420001
29.950000	-35.596224
29.960000	-35.771465
29.970000	-35.946071
29.980000	-36.119194
29.990000	-36.290850
30.000000	-36.461856
30.010000	-36.632081
30.020000	-36.801111
30.030000	-36.969057
30.040000	-37.134256
30.050000	-37.296479
30.060000	-37.456551
30.070000	-37.613962
30.080000	-37.769456
30.090000	-37.923039
30.100000	-38.073860
30.110000	-38.222018
30.120000	-38.337722
30.130000	-38.417723
30.140000	-38.475943
30.150000	-38.503605
30.160000	-38.517434
30.170000	-38.517904
30.180000	-38.488537
30.190000	-38.432198
30.200000	-38.370436
30.210000	-38.302500
30.220000	-38.219359
30.230000	-38.125838
30.240000	-38.004098
30.250000	-37.852484
30.260000	-37.683424
30.270000	-37.492468
30.280000	-37.299938
30.290000	-37.108799
30.300000	-36.905915
30.310000	-36.697126
30.320000	-36.473005
30.330000	-36.232361
30.340000	-35.984968
30.350000	-35.728775
30.360000	-35.443644
30.370000	-35.129020
30.380000	-34.793129
30.390000	-34.430752
30.400000	-34.055923
30.410000	-33.669391
30.420000	-33.259704
30.430000	-32.829808
30.440000	-32.490380
30.450000	-32.251311
30.460000	-32.062767
30.470000	-31.956466
30.480000	-31.866000
30.490000	-31.789090
30.500000	-31.787788
30.510000	-31.849998
30.520000	-31.900093
30.530000	-31.940705
30.540000	-32.001676
30.550000	-32.065792
30.560000	-32.196108
30.570000	-32.397796
30.580000	-32.626438
30.590000	-32.897322
30.600000	-33.130489
30.610000	-33.314197
30.620000	-33.497978
30.630000	-33.658489
30.640000	-33.832835
30.650000	-34.024887
30.660000	-34.195448
30.670000	-34.352035
30.680000	-34.570406
30.690000	-34.851819
30.700000	-35.164655
30.710000	-35.527991
30.720000	-35.887488
30.730000	-36.239614
30.740000	-36.627314
30.750000	-37.038616
30.760000	-37.385216
30.770000	-37.663092
30.780000	-37.905237
30.790000	-38.087412
30.800000	-38.270811
30.810000	-38.456984
30.820000	-38.593576
30.830000	-38.692146
30.840000	-38.800760
30.850000	-38.916333
30.860000	-39.022517
30.870000	-39.129895
30.880000	-39.194691
30.890000	-39.213705
30.900000	-39.216591
30.910000	-39.192773
30.920000	-39.217942
30.930000	-39.302036
30.940000	-39.401184
30.950000	-39.537300
30.960000	-39.672829
30.970000	-39.804545
30.980000	-39.970684
30.990000	-40.163807
31.000000	-40.317949
31.010000	-40.432664
31.020000	-40.535067
31.030000	-40.608833
31.040000	-40.702731
31.050000	-40.820063
31.060000	-40.923144
31.070000	-41.022920
31.080000	-41.102124
31.090000	-41.154792
31.100000	-41.196799
31.110000	-41.222035
31.120000	-41.231357
31.130000	-41.225549
31.140000	-41.198359
31.150000	-41.149552
31.160000	-41.105211
31.170000	-41.066170
31.180000	-41.019234
31.190000	-40.970831
31.200000	-40.903690
31.210000	-40.816031
31.220000	-40.721561
31.230000	-40.616124
31.240000	-40.497413
31.250000	-40.366586
31.260000	-40.221574
31.270000	-40.061987
31.280000	-39.891967
31.290000	-39.711191
31.300000	-39.517202
31.310000	-39.310706
31.320000	-39.087175
31.330000	-38.845839
31.340000	-38.589219
31.350000	-38.315895
31.360000	-38.027522
31.370000	-37.724134
31.380000	-37.403550
31.390000	-37.065965
31.400000	-36.804809
31.410000	-36.629199
31.420000	-36.495386
31.430000	-36.430306
31.440000	-36.379668
31.450000	-36.341383
31.460000	-36.367099
31.470000	-36.446936
31.480000	-36.514467
31.490000	-36.571623
31.500000	-36.645053
31.510000	-36.719497
31.520000	-36.849403
31.530000	-37.039242
31.540000	-37.250272
31.550000	-37.495637
31.560000	-37.711628
31.570000	-37.888513
31.580000	-38.066454
31.590000	-38.226754
31.600000	-38.398210
31.610000	-38.583950
31.620000	-38.753016
31.630000	-38.911232
31.640000	-39.120304
31.650000	-39.381360
31.660000	-39.668431
31.670000	-39.997078
31.680000	-40.323302
31.690000	-40.644209
31.700000	-40.994672
31.710000	-41.364993
31.720000	-41.639806
31.730000	-41.811363
31.740000	-41.926885
31.750000	-41.953981
31.760000	-41.967317
31.770000	-41.969003
31.780000	-41.892391
31.790000	-41.751298
31.800000	-41.615993
31.810000	-41.482974
31.820000	-41.326187
31.830000	-41.161315
31.840000	-40.927085
31.850000	-40.618661
31.860000	-40.278250
31.870000	-39.890959
31.880000	-39.547843
31.890000	-39.261408
31.900000	-38.977133
31.910000	-38.721418
31.920000	-38.450247
31.930000	-38.159413
31.940000	-37.894270
31.950000	-37.645944
31.960000	-37.331871
31.970000	-36.951030
31.980000	-36.537478
31.990000	-36.070551
32.000000	-35.610300
32.010000	-35.160633
32.020000	-34.674515
32.030000	-34.165243
32.040000	-33.744292
32.050000	-33.417693
32.060000	-33.142630
32.070000	-32.950043
32.080000	-32.764581
32.090000	-32.584393
32.100000	-32.475087
32.110000	-32.422631
32.120000	-32.363855
32.130000	-32.302585
32.140000	-32.261215
32.150000	-32.225851
32.160000	-32.253311
32.170000	-32.347980
32.180000	-32.471325
32.190000	-32.637193
32.200000	-32.751961
32.210000	-32.803274
32.220000	-32.846089
32.230000	-32.853368
32.240000	-32.871402
32.250000	-32.904394
32.260000	-32.905291
32.270000	-32.883400
32.280000	-32.921510
32.290000	-33.020434
32.300000	-33.146266
32.310000	-33.319649
32.320000	-33.479873
32.330000	-33.622979
32.340000	-33.796274
32.350000	-33.986274
32.360000	-34.144170
32.370000	-34.270346
32.380000	-34.378147
32.390000	-34.454843
32.400000	-34.539932
32.410000	-34.633982
32.420000	-34.705964
32.430000	-34.763513
32.440000	-34.824755
32.450000	-34.887225
32.460000	-34.946904
32.470000	-35.007412
32.480000	-35.048891
32.490000	-35.070118
32.500000	-35.083479
32.510000	-35.084144
32.520000	-35.123311
32.530000	-35.206914
32.540000	-35.307029
32.550000	-35.438316
32.560000	-35.573757
32.570000	-35.711368
32.580000	-35.877680
32.590000	-36.067381
32.600000	-36.239209
32.610000	-36.393242
32.620000	-36.546065
32.630000	-36.687604
32.640000	-36.849207
32.650000	-37.033017
32.660000	-37.215234
32.670000	-37.402968
32.680000	-37.574968
32.690000	-37.726518
32.700000	-37.872716
32.710000	-38.006785
32.720000	-38.135321
32.730000	-38.259158
32.740000	-38.368730
32.750000	-38.465068
32.760000	-38.572144
32.770000	-38.690366
32.780000	-38.808518
32.790000	-38.932457
32.800000	-39.045321
32.810000	-39.145584
32.820000	-39.246304
32.830000	-39.343493
32.840000	-39.442190
32.850000	-39.544236
32.860000	-39.644273
32.870000	-39.744029
32.880000	-39.843405
32.890000	-39.941956
32.900000	-40.041294
32.910000	-40.141381
32.920000	-40.233076
32.930000	-40.315849
32.940000	-40.394075
32.950000	-40.465334
32.960000	-40.535258
32.970000	-40.604251
32.980000	-40.667436
32.990000	-40.726012
33.000000	-40.767530
33.010000	-40.790042
33.020000	-40.800123
33.030000	-40.793899
33.040000	-40.777201
33.050000	-40.750177
33.060000	-40.706243
33.070000	-40.646264
33.080000	-40.580926
33.090000	-40.509981
33.100000	-40.428524
33.110000	-40.338947
33.120000	-40.232773
33.130000	-40.109103
33.140000	-39.973896
33.150000	-39.824983
33.160000	-39.669966
33.170000	-39.510022
33.180000	-39.339794
33.190000	-39.161436
33.200000	-38.971570
33.210000	-38.769627
33.220000	-38.559109
33.230000	-38.339204
33.240000	-38.101578
33.250000	-37.845868
33.260000	-37.575425
33.270000	-37.288011
33.280000	-36.989164
33.290000	-36.679100
33.300000	-36.353082
33.310000	-36.012196
33.320000	-35.741233
33.330000	-35.548221
33.340000	-35.394144
33.350000	-35.303418
33.360000	-35.226132
33.370000	-35.160488
33.380000	-35.153676
33.390000	-35.196640
33.400000	-35.229962
33.410000	-35.255524
33.420000	-35.297065
33.430000	-35.341005
33.440000	-35.436417
33.450000	-35.587359
33.460000	-35.759095
33.470000	-35.963517
33.480000	-36.140838
33.490000	-36.282121
33.500000	-36.424750
33.510000	-36.551236
33.520000	-36.689005
33.530000	-36.840990
33.540000	-36.978014
33.550000	-37.105642
33.560000	-37.281191
33.570000	-37.505678
33.580000	-37.755110
33.590000	-38.043943
33.600000	-38.331219
33.610000	-38.614277
33.620000	-38.925567
33.630000	-39.256078
33.640000	-39.552551
33.650000	-39.813353
33.660000	-40.057162
33.670000	-40.269603
33.680000	-40.489235
33.690000	-40.716996
33.700000	-40.920792
33.710000	-41.108018
33.720000	-41.305356
33.730000	-41.510803
33.740000	-41.715989
33.750000	-41.926741
33.760000	-42.117961
33.770000	-42.287947
33.780000	-42.453524
33.790000	-42.608675
33.800000	-42.801268
33.810000	-43.037444
33.820000	-43.290013
33.830000	-43.572840
33.840000	-43.861867
33.850000	-44.155174
33.860000	-44.477146
33.870000	-44.823080
33.880000	-45.152269
33.890000	-45.464598
33.900000	-45.776800
33.910000	-46.078886
33.920000	-46.401290
33.930000	-46.746139
33.940000	-47.090151
33.950000	-47.440226
33.960000	-47.767634
33.970000	-48.066917
33.980000	-48.356499
33.990000	-48.627414
34.000000	-48.890652
34.010000	-49.147151
34.020000	-49.383119
34.030000	-49.600347
34.040000	-49.828060
34.050000	-50.066459
34.060000	-50.302161
34.070000	-50.542190
34.080000	-50.765264
34.090000	-50.969452
34.100000	-51.170867
34.110000	-51.364413
34.120000	-51.560968
34.130000	-51.763178
34.140000	-51.962054
34.150000	-52.160999
34.160000	-52.357111
34.170000	-52.549629
34.180000	-52.743024
34.190000	-52.936664
34.200000	-53.115859
34.210000	-53.279956
34.220000	-53.435587
34.230000	-53.578909
34.240000	-53.719488
34.250000	-53.857949
34.260000	-53.986248
34.270000	-54.106422
34.280000	-54.237283
34.290000	-54.379698
34.300000	-54.526186
34.310000	-54.681847
34.320000	-54.833796
34.330000	-54.981554
34.340000	-55.136071
34.350000	-55.294818
34.360000	-55.447124
34.370000	-55.593500
34.380000	-55.737499
34.390000	-55.876667
34.400000	-56.020358
34.410000	-56.169156
34.420000	-56.316485
34.430000	-56.464513
34.440000	-56.598263
34.450000	-56.715612
34.460000	-56.825219
34.470000	-56.922659
34.480000	-57.015058
34.490000	-57.102960
34.500000	-57.178807
34.510000	-57.243929
34.520000	-57.311422
34.530000	-57.381295
34.540000	-57.447983
34.550000	-57.514657
34.560000	-57.571513
34.570000	-57.617790
34.580000	-57.660903
34.590000	-57.698575
34.600000	-57.695995
34.610000	-57.650326
34.620000	-57.576143
34.630000	-57.463449
34.640000	-57.333804
34.650000	-57.187686
34.660000	-57.005141
34.670000	-56.789980
34.680000	-56.564238
34.690000	-56.326777
34.700000	-56.068932
34.710000	-55.795522
34.720000	-55.487376
34.730000	-55.142784
34.740000	-54.774773
34.750000	-54.378550
34.760000	-53.980533
34.770000	-53.584287
34.780000	-53.173506
34.790000	-52.755741
34.800000	-52.318133
34.810000	-51.859254
34.820000	-51.392097
34.830000	-50.913921
34.840000	-50.400027
34.850000	-49.849890
34.860000	-49.273489
34.870000	-48.664492
34.880000	-48.040459
34.890000	-47.402363
34.900000	-46.736081
34.910000	-46.045352
34.920000	-45.435964
34.930000	-44.917018
34.940000	-44.441531
34.950000	-44.039729
34.960000	-43.647362
34.970000	-43.262285
34.980000	-42.944091
34.990000	-42.681046
35.000000	-42.401968
35.010000	-42.109468
35.020000	-41.831401
35.030000	-41.551602
35.040000	-41.329771
35.050000	-41.170773
35.060000	-41.032670
35.070000	-40.929938
35.080000	-40.784796
35.090000	-40.585945
35.100000	-40.381263
35.110000	-40.148063
35.120000	-39.922695
35.130000	-39.708884
35.140000	-39.468384
35.150000	-39.208544
35.160000	-39.002486
35.170000	-38.851363
35.180000	-38.724701
35.190000	-38.640886
35.200000	-38.547330
35.210000	-38.440601
35.220000	-38.362183
35.230000	-38.300470
35.240000	-38.218422
35.250000	-38.117095
35.260000	-38.005756
35.270000	-37.875028
35.280000	-37.756383
35.290000	-37.650362
35.300000	-37.533064
35.310000	-37.410742
35.320000	-37.295210
35.330000	-37.184564
35.340000	-37.077158
35.350000	-36.975340
35.360000	-36.865292
35.370000	-36.746383
35.380000	-36.627162
35.390000	-36.504378
35.400000	-36.418195
35.410000	-36.373263
35.420000	-36.348185
35.430000	-36.354536
35.440000	-36.371084
35.450000	-36.396452
35.460000	-36.451628
35.470000	-36.532557
35.480000	-36.607733
35.490000	-36.677429
35.500000	-36.754440
35.510000	-36.831208
35.520000	-36.932080
35.530000	-37.058857
35.540000	-37.193387
35.550000	-37.341317
35.560000	-37.466083
35.570000	-37.562130
35.580000	-37.650771
35.590000	-37.721028
35.600000	-37.789792
35.610000	-37.858267
35.620000	-37.907994
35.630000	-37.941997
35.640000	-37.993465
35.650000	-38.062411
35.660000	-38.134405
35.670000	-38.217426
35.680000	-38.286656
35.690000	-38.340041
35.700000	-38.396254
35.710000	-38.449445
35.720000	-38.517469
35.730000	-38.603976
35.740000	-38.696188
35.750000	-38.799615
35.760000	-38.908034
35.770000	-39.020527
35.780000	-39.145172
35.790000	-39.280785
35.800000	-39.406959
35.810000	-39.523145
35.820000	-39.638490
35.830000	-39.747841
35.840000	-39.865237
35.850000	-39.991728
35.860000	-40.116053
35.870000	-40.241358
35.880000	-40.335086
35.890000	-40.392569
35.900000	-40.431220
35.910000	-40.441174
35.920000	-40.438338
35.930000	-40.423396
35.940000	-40.379239
35.950000	-40.308506
35.960000	-40.238783
35.970000	-40.169644
35.980000	-40.088932
35.990000	-40.003018
36.000000	-39.890359
36.010000	-39.748938
36.020000	-39.594303
36.030000	-39.421148
36.040000	-39.248596
36.050000	-39.079862
36.060000	-38.901766
36.070000	-38.719910
36.080000	-38.526266
36.090000	-38.319651
36.100000	-38.108953
36.110000	-37.892416
36.120000	-37.649429
36.130000	-37.379309
36.140000	-37.090715
36.150000	-36.778281
36.160000	-36.456071
36.170000	-36.124872
36.180000	-35.773083
36.190000	-35.403658
36.200000	-35.130046
36.210000	-34.962390
36.220000	-34.849552
36.230000	-34.824039
36.240000	-34.817816
36.250000	-34.828532
36.260000	-34.919761
36.270000	-35.079102
36.280000	-35.229047
36.290000	-35.372284
36.300000	-35.539387
36.310000	-35.712707
36.320000	-35.956846
36.330000	-36.277096
36.340000	-36.627933
36.350000	-37.025013
36.360000	-37.386757
36.370000	-37.701161
36.380000	-38.018802
36.390000	-38.315857
36.400000	-38.630132
36.410000	-38.965579
36.420000	-39.282223
36.430000	-39.587721
36.440000	-39.959435
36.450000	-40.398654
36.460000	-40.873075
36.470000	-41.402178
36.480000	-41.930488
36.490000	-42.454395
36.500000	-43.017745
36.510000	-43.608315
36.520000	-44.059528
36.530000	-44.359409
36.540000	-44.577362
36.550000	-44.666376
36.560000	-44.732646
36.570000	-44.779224
36.580000	-44.710380
36.590000	-44.545653
36.600000	-44.388887
36.610000	-44.235178
36.620000	-44.045395
36.630000	-43.842766
36.640000	-43.537477
36.650000	-43.122321
36.660000	-42.659348
36.670000	-42.126689
36.680000	-41.653912
36.690000	-41.258971
36.700000	-40.863735
36.710000	-40.505770
36.720000	-40.122776
36.730000	-39.708657
36.740000	-39.327747
36.750000	-38.967429
36.760000	-38.509191
36.770000	-37.951420
36.780000	-37.343016
36.790000	-36.654243
36.800000	-35.970980
36.810000	-35.298761
36.820000	-34.570105
36.830000	-33.803963
36.840000	-33.202057
36.850000	-32.777271
36.860000	-32.448485
36.870000	-32.272200
36.880000	-32.116294
36.890000	-31.977210
36.900000	-31.972140
36.910000	-32.076624
36.920000	-32.169941
36.930000	-32.258451
36.940000	-32.386484
36.950000	-32.527214
36.960000	-32.786777
36.970000	-33.173536
36.980000	-33.614710
36.990000	-34.136140
37.000000	-34.574979
37.010000	-34.909158
37.020000	-35.235594
37.030000	-35.507149
37.040000	-35.803148
37.050000	-36.131064
37.060000	-36.409557
37.070000	-36.654618
37.080000	-37.012814
37.090000	-37.485859
37.100000	-38.013456
37.110000	-38.632260
37.120000	-39.235429
37.130000	-39.816023
37.140000	-40.457623
37.150000	-41.136567
37.160000	-41.707056
37.170000	-42.163732
37.180000	-42.558199
37.190000	-42.850695
37.200000	-43.145185
37.210000	-43.443935
37.220000	-43.659259
37.230000	-43.810779
37.240000	-43.973289
37.250000	-44.141169
37.260000	-44.289943
37.270000	-44.435788
37.280000	-44.508569
37.290000	-44.503164
37.300000	-44.466307
37.310000	-44.380943
37.320000	-44.377869
37.330000	-44.473705
37.340000	-44.593475
37.350000	-44.774874
37.360000	-44.951891
37.370000	-45.118947
37.380000	-45.342453
37.390000	-45.609264
37.400000	-45.807079
37.410000	-45.935229
37.420000	-46.039499
37.430000	-46.092089
37.440000	-46.176313
37.450000	-46.297712
37.460000	-46.391953
37.470000	-46.477687
37.480000	-46.559331
37.490000	-46.630170
37.500000	-46.701406
37.510000	-46.772460
37.520000	-46.825327
37.530000	-46.860659
37.540000	-46.886530
37.550000	-46.899063
37.560000	-46.918304
37.570000	-46.946404
37.580000	-46.970824
37.590000	-46.996949
37.600000	-47.015369
37.610000	-47.024763
37.620000	-47.034313
37.630000	-47.041816
37.640000	-47.019650
37.650000	-46.966231
37.660000	-46.893004
37.670000	-46.792388
37.680000	-46.682279
37.690000	-46.563337
37.700000	-46.419864
37.710000	-46.255296
37.720000	-46.084909
37.730000	-45.907859
37.740000	-45.718841
37.750000	-45.521275
37.760000	-45.301650
37.770000	-45.058998
37.780000	-44.802630
37.790000	-44.529315
37.800000	-44.289608
37.810000	-44.089439
37.820000	-43.902624
37.830000	-43.743893
37.840000	-43.586197
37.850000	-43.428075
37.860000	-43.296398
37.870000	-43.186182
37.880000	-43.057575
37.890000	-42.911110
37.900000	-42.763231
37.910000	-42.604517
37.920000	-42.466157
37.930000	-42.350629
37.940000	-42.235023
37.950000	-42.126717
37.960000	-41.996112
37.970000	-41.838052
37.980000	-41.672030
37.990000	-41.489140
38.000000	-41.301490
38.010000	-41.110481
38.020000	-40.902076
38.030000	-40.678620
38.040000	-40.470533
38.050000	-40.278406
38.060000	-40.088985
38.070000	-39.909892
38.080000	-39.719623
38.090000	-39.516618
38.100000	-39.317867
38.110000	-39.118541
38.120000	-38.950609
38.130000	-38.819304
38.140000	-38.706277
38.150000	-38.621374
38.160000	-38.550382
38.170000	-38.492543
38.180000	-38.464131
38.190000	-38.462853
38.200000	-38.459441
38.210000	-38.454108
38.220000	-38.460062
38.230000	-38.470460
38.240000	-38.507568
38.250000	-38.573491
38.260000	-38.651918
38.270000	-38.748309
38.280000	-38.846112
38.290000	-38.942255
38.300000	-39.048800
38.310000	-39.160842
38.320000	-39.284734
38.330000	-39.421578
38.340000	-39.563928
38.350000	-39.713207
38.360000	-39.888523
38.370000	-40.090615
38.380000	-40.311330
38.390000	-40.555679
38.400000	-40.810874
38.410000	-41.076200
38.420000	-41.362343
38.430000	-41.666636
38.440000	-41.913719
38.450000	-42.097280
38.460000	-42.250869
38.470000	-42.353061
38.480000	-42.449887
38.490000	-42.542994
38.500000	-42.589971
38.510000	-42.599328
38.520000	-42.621589
38.530000	-42.654977
38.540000	-42.679936
38.550000	-42.708013
38.560000	-42.696953
38.570000	-42.643422
38.580000	-42.577258
38.590000	-42.488301
38.600000	-42.431559
38.610000	-42.415123
38.620000	-42.405260
38.630000	-42.418090
38.640000	-42.428087
38.650000	-42.432720
38.660000	-42.459070
38.670000	-42.502058
38.680000	-42.510137
38.690000	-42.482592
38.700000	-42.441051
38.710000	-42.372628
38.720000	-42.314556
38.730000	-42.269357
38.740000	-42.207839
38.750000	-42.138295
38.760000	-42.049784
38.770000	-41.937830
38.780000	-41.813377
38.790000	-41.672306
38.800000	-41.513776
38.810000	-41.338218
38.820000	-41.142032
38.830000	-40.924668
38.840000	-40.704548
38.850000	-40.482263
38.860000	-40.248150
38.870000	-40.006699
38.880000	-39.745803
38.890000	-39.464089
38.900000	-39.171090
38.910000	-38.863810
38.920000	-38.539459
38.930000	-38.198653
38.940000	-37.840367
38.950000	-37.463925
38.960000	-37.072752
38.970000	-36.666556
38.980000	-36.242937
38.990000	-35.802413
39.000000	-35.342415
39.010000	-34.862288
39.020000	-34.363429
39.030000	-33.844910
39.040000	-33.307216
39.050000	-32.750229
39.060000	-32.172738
39.070000	-31.574647
39.080000	-31.107592
39.090000	-30.786781
39.100000	-30.541035
39.110000	-30.414265
39.120000	-30.319066
39.130000	-30.252201
39.140000	-30.297438
39.150000	-30.439037
39.160000	-30.568356
39.170000	-30.688604
39.180000	-30.843769
39.190000	-31.008984
39.200000	-31.273308
39.210000	-31.644221
39.220000	-32.058524
39.230000	-32.537834
39.240000	-32.978552
39.250000	-33.364946
39.260000	-33.762612
39.270000	-34.141240
39.280000	-34.547822
39.290000	-34.987599
39.300000	-35.410319
39.310000	-35.825598
39.320000	-36.334228
39.330000	-36.938203
39.340000	-37.595296
39.350000	-38.331038
39.360000	-39.073833
39.370000	-39.819109
39.380000	-40.623880
39.390000	-41.472482
39.400000	-42.194452
39.410000	-42.779107
39.420000	-43.295412
39.430000	-43.695797
39.440000	-44.092145
39.450000	-44.487709
39.460000	-44.783646
39.470000	-45.000860
39.480000	-45.241525
39.490000	-45.500479
39.500000	-45.740530
39.510000	-45.984551
39.520000	-46.143122
39.530000	-46.209405
39.540000	-46.245088
39.550000	-46.228570
39.560000	-46.296468
39.570000	-46.467528
39.580000	-46.660649
39.590000	-46.915536
39.600000	-47.166067
39.610000	-47.406176
39.620000	-47.704151
39.630000	-48.046824
39.640000	-48.311456
39.650000	-48.496797
39.660000	-48.653655
39.670000	-48.751485
39.680000	-48.880065
39.690000	-49.045421
39.700000	-49.177663
39.710000	-49.296833
39.720000	-49.430437
39.730000	-49.573394
39.740000	-49.727010
39.750000	-49.897166
39.760000	-50.051206
39.770000	-50.189256
39.780000	-50.332517
39.790000	-50.474345
39.800000	-50.620294
39.810000	-50.773105
39.820000	-50.925607
39.830000	-51.079880
39.840000	-51.238860
39.850000	-51.402150
39.860000	-51.570251
39.870000	-51.743907
39.880000	-51.878674
39.890000	-51.970526
39.900000	-52.041079
39.910000	-52.077819
39.920000	-52.106502
39.930000	-52.128523
39.940000	-52.119860
39.950000	-52.085491
39.960000	-52.056167
39.970000	-52.031213
39.980000	-51.998820
39.990000	-51.966250
40.000000	-51.908723
40.010000	-51.824485
40.020000	-51.731611
40.030000	-51.624339
40.040000	-51.488872
40.050000	-51.325496
40.060000	-51.136300
40.070000	-50.917525
40.080000	-50.681029
40.090000	-50.426488
40.100000	-50.144419
40.110000	-49.836818
40.120000	-49.506727
40.130000	-49.152919
40.140000	-48.774856
40.150000	-48.372728
40.160000	-47.941411
40.170000	-47.480278
40.180000	-46.991637
40.190000	-46.473939
40.200000	-45.944724
40.210000	-45.405532
40.220000	-44.846606
40.230000	-44.272672
40.240000	-43.673546
40.250000	-43.048207
40.260000	-42.405722
40.270000	-41.743800
40.280000	-41.048290
40.290000	-40.318925
40.300000	-39.560793
40.310000	-38.770187
40.320000	-37.957396
40.330000	-37.122783
40.340000	-36.257977
40.350000	-35.365040
40.360000	-34.630922
40.370000	-34.073708
40.380000	-33.607262
40.390000	-33.285612
40.400000	-32.999378
40.410000	-32.744767
40.420000	-32.625785
40.430000	-32.622754
40.440000	-32.603995
40.450000	-32.573755
40.460000	-32.585035
40.470000	-32.607843
40.480000	-32.750993
40.490000	-33.023654
40.500000	-33.349004
40.510000	-33.753531
40.520000	-34.105327
40.530000	-34.384778
40.540000	-34.674668
40.550000	-34.936518
40.560000	-35.231021
40.570000	-35.564818
40.580000	-35.873626
40.590000	-36.169885
40.600000	-36.580519
40.610000	-37.107947
40.620000	-37.699241
40.630000	-38.386537
40.640000	-39.079430
40.650000	-39.772193
40.660000	-40.536744
40.670000	-41.353317
40.680000	-41.990656
40.690000	-42.433613
40.700000	-42.776768
40.710000	-42.955386
40.720000	-43.119908
40.730000	-43.274752
40.740000	-43.286243
40.750000	-43.182400
40.760000	-43.103831
40.770000	-43.043666
40.780000	-42.950183
40.790000	-42.854904
40.800000	-42.635393
40.810000	-42.282189
40.820000	-41.879910
40.830000	-41.398948
40.840000	-41.023072
40.850000	-40.777633
40.860000	-40.553091
40.870000	-40.402857
40.880000	-40.238267
40.890000	-40.051073
40.900000	-39.932968
40.910000	-39.866253
40.920000	-39.684986
40.930000	-39.387355
40.940000	-39.042071
40.950000	-38.607773
40.960000	-38.205586
40.970000	-37.843592
40.980000	-37.427331
40.990000	-36.983791
41.000000	-36.583842
41.010000	-36.224026
41.020000	-35.890235
41.030000	-35.600183
41.040000	-35.290367
41.050000	-34.960234
41.060000	-34.657033
41.070000	-34.368298
41.080000	-34.077275
41.090000	-33.788368
41.100000	-33.501728
41.110000	-33.214606
41.120000	-32.950822
41.130000	-32.711507
41.140000	-32.483234
41.150000	-32.271828
41.160000	-31.994223
41.170000	-31.641472
41.180000	-31.257367
41.190000	-30.818260
41.200000	-30.369373
41.210000	-29.913756
41.220000	-29.407789
41.230000	-28.860330
41.240000	-28.335343
41.250000	-27.832359
41.260000	-27.326024
41.270000	-26.831825
41.280000	-26.300362
41.290000	-25.728243
41.300000	-25.152569
41.310000	-24.562067
41.320000	-24.054461
41.330000	-23.643641
41.340000	-23.275655
41.350000	-22.979786
41.360000	-22.708675
41.370000	-22.459641
41.380000	-22.283228
41.390000	-22.171162
41.400000	-22.039692
41.410000	-21.889544
41.420000	-21.757025
41.430000	-21.622394
41.440000	-21.549929
41.450000	-21.545214
41.460000	-21.560931
41.470000	-21.612529
41.480000	-21.648485
41.490000	-21.659278
41.500000	-21.681009
41.510000	-21.698209
41.520000	-21.730793
41.530000	-21.781685
41.540000	-21.827233
41.550000	-21.871548
41.560000	-21.971528
41.570000	-22.128871
41.580000	-22.318895
41.590000	-22.556191
41.600000	-22.801742
41.610000	-23.053003
41.620000	-23.341696
41.630000	-23.659352
41.640000	-23.939834
41.650000	-24.180291
41.660000	-24.405960
41.670000	-24.598856
41.680000	-24.804927
41.690000	-25.025599
41.700000	-25.221901
41.710000	-25.402708
41.720000	-25.604244
41.730000	-25.824423
41.740000	-26.051227
41.750000	-26.292808
41.760000	-26.516633
41.770000	-26.720534
41.780000	-26.926932
41.790000	-27.128140
41.800000	-27.379292
41.810000	-27.687873
41.820000	-28.022092
41.830000	-28.398070
41.840000	-28.788924
41.850000	-29.192502
41.860000	-29.636683
41.870000	-30.116305
41.880000	-30.583472
41.890000	-31.038037
41.900000	-31.500011
41.910000	-31.957688
41.920000	-32.446766
41.930000	-32.969854
41.940000	-33.499701
41.950000	-34.044473
41.960000	-34.524065
41.970000	-34.927359
41.980000	-35.297769
41.990000	-35.611309
42.000000	-35.907548
42.010000	-36.188557
42.020000	-36.412513
42.030000	-36.586294
42.040000	-36.777658
42.050000	-36.985857
42.060000	-37.181580
42.070000	-37.380723
42.080000	-37.530904
42.090000	-37.627531
42.100000	-37.708957
42.110000	-37.762538
42.120000	-37.833206
42.130000	-37.928932
42.140000	-38.018823
42.150000	-38.116278
42.160000	-38.203241
42.170000	-38.277188
42.180000	-38.358988
42.190000	-38.444896
42.200000	-38.486410
42.210000	-38.482143
42.220000	-38.452957
42.230000	-38.386419
42.240000	-38.315962
42.250000	-38.243729
42.260000	-38.142590
42.270000	-38.019788
42.280000	-37.933294
42.290000	-37.885685
42.300000	-37.854720
42.310000	-37.856185
42.320000	-37.849961
42.330000	-37.834797
42.340000	-37.844806
42.350000	-37.872248
42.360000	-37.885066
42.370000	-37.885065
42.380000	-37.882961
42.390000	-37.871531
42.400000	-37.879465
42.410000	-37.908687
42.420000	-37.939394
42.430000	-37.978368
42.440000	-37.977254
42.450000	-37.929470
42.460000	-37.862930
42.470000	-37.763491
42.480000	-37.654702
42.490000	-37.538456
42.500000	-37.390308
42.510000	-37.214783
42.520000	-37.053959
42.530000	-36.907972
42.540000	-36.759234
42.550000	-36.618032
42.560000	-36.453018
42.570000	-36.261902
42.580000	-36.068621
42.590000	-35.866007
42.600000	-35.706758
42.610000	-35.598824
42.620000	-35.512333
42.630000	-35.463208
42.640000	-35.426800
42.650000	-35.401632
42.660000	-35.414673
42.670000	-35.461670
42.680000	-35.495767
42.690000	-35.517220
42.700000	-35.546589
42.710000	-35.572786
42.720000	-35.631398
42.730000	-35.725547
42.740000	-35.828894
42.750000	-35.949989
42.760000	-36.061440
42.770000	-36.158054
42.780000	-36.259266
42.790000	-36.356819
42.800000	-36.461044
42.810000	-36.573512
42.820000	-36.681738
42.830000	-36.787852
42.840000	-36.922643
42.850000	-37.087063
42.860000	-37.267691
42.870000	-37.472432
42.880000	-37.680256
42.890000	-37.889782
42.900000	-38.118144
42.910000	-38.360777
42.920000	-38.479241
42.930000	-38.461428
42.940000	-38.368991
42.950000	-38.162295
42.960000	-37.924924
42.970000	-37.659627
42.980000	-37.288543
42.990000	-36.826866
43.000000	-36.367774
43.010000	-35.907789
43.020000	-35.410270
43.030000	-34.896318
43.040000	-34.287732
43.050000	-33.578049
43.060000	-32.822089
43.070000	-32.000826
43.080000	-31.214255
43.090000	-30.476908
43.100000	-29.726846
43.110000	-28.993179
43.120000	-28.229233
43.130000	-27.430086
43.140000	-26.644763
43.150000	-25.863738
43.160000	-24.992434
43.170000	-24.029220
43.180000	-23.013404
43.190000	-21.921115
43.200000	-20.820101
43.210000	-19.714682
43.220000	-18.551187
43.230000	-17.344475
43.240000	-16.306479
43.250000	-15.452622
43.260000	-14.694059
43.270000	-14.090622
43.280000	-13.507608
43.290000	-12.941046
43.300000	-12.512517
43.310000	-12.197207
43.320000	-11.862054
43.330000	-11.513159
43.340000	-11.200751
43.350000	-10.894983
43.360000	-10.710532
43.370000	-10.656559
43.380000	-10.653628
43.390000	-10.729609
43.400000	-10.720205
43.410000	-10.602519
43.420000	-10.475680
43.430000	-10.291989
43.440000	-10.130198
43.450000	-9.997985
43.460000	-9.813799
43.470000	-9.593540
43.480000	-9.487682
43.490000	-9.498239
43.500000	-9.562994
43.510000	-9.719665
43.520000	-9.859171
43.530000	-9.974423
43.540000	-10.151053
43.550000	-10.364943
43.560000	-10.540290
43.570000	-10.679253
43.580000	-10.800461
43.590000	-10.884673
43.600000	-10.996390
43.610000	-11.136607
43.620000	-11.256255
43.630000	-11.368074
43.640000	-11.495981
43.650000	-11.635974
43.660000	-11.784696
43.670000	-11.946818
43.680000	-12.094043
43.690000	-12.224995
43.700000	-12.357010
43.710000	-12.483358
43.720000	-12.687216
43.730000	-12.978111
43.740000	-13.311670
43.750000	-13.711801
43.760000	-14.134330
43.770000	-14.576326
43.780000	-15.081245
43.790000	-15.640586
43.800000	-16.189046
43.810000	-16.727120
43.820000	-17.281193
43.830000	-17.835540
43.840000	-18.440507
43.850000	-19.099738
43.860000	-19.775569
43.870000	-20.479610
43.880000	-21.105563
43.890000	-21.638700
43.900000	-22.137339
43.910000	-22.569777
43.920000	-22.988363
43.930000	-23.396097
43.940000	-23.737801
43.950000	-24.022745
43.960000	-24.341433
43.970000	-24.693115
43.980000	-25.038872
43.990000	-25.400103
44.000000	-25.707331
44.010000	-25.954649
44.020000	-26.193327
44.030000	-26.406751
44.040000	-26.652668
44.050000	-26.941670
44.060000	-27.233919
44.070000	-27.546804
44.080000	-27.857805
44.090000	-28.163824
44.100000	-28.491597
44.110000	-28.836586
44.120000	-29.136049
44.130000	-29.388303
44.140000	-29.620677
44.150000	-29.817200
44.160000	-30.021263
44.170000	-30.235821
44.180000	-30.425905
44.190000	-30.601049
44.200000	-30.759065
44.210000	-30.895482
44.220000	-31.017833
44.230000	-31.124170
44.240000	-31.206997
44.250000	-31.266339
44.260000	-31.303700
44.270000	-31.317055
44.280000	-31.320574
44.290000	-31.314985
44.300000	-31.291572
44.310000	-31.253737
44.320000	-31.193057
44.330000	-31.108192
44.340000	-31.005870
44.350000	-30.883813
44.360000	-30.732710
44.370000	-30.552130
44.380000	-30.344519
44.390000	-30.107165
44.400000	-29.846363
44.410000	-29.561880
44.420000	-29.247943
44.430000	-28.905471
44.440000	-28.537146
44.450000	-28.142136
44.460000	-27.719378
44.470000	-27.269082
44.480000	-26.787483
44.490000	-26.273977
44.500000	-25.730260
44.510000	-25.155115
44.520000	-24.710386
44.530000	-24.412484
44.540000	-24.184503
44.550000	-24.073265
44.560000	-23.985936
44.570000	-23.918830
44.580000	-23.960992
44.590000	-24.095577
44.600000	-24.205127
44.610000	-24.292775
44.620000	-24.406026
44.630000	-24.517809
44.640000	-24.723706
44.650000	-25.031596
44.660000	-25.373191
44.670000	-25.771543
44.680000	-26.116873
44.690000	-26.392220
44.700000	-26.667062
44.710000	-26.909121
44.720000	-27.167653
44.730000	-27.448042
44.740000	-27.697048
44.750000	-27.924605
44.760000	-28.237691
44.770000	-28.638285
44.780000	-29.081242
44.790000	-29.593533
44.800000	-30.098965
44.810000	-30.592494
44.820000	-31.134515
44.830000	-31.708220
44.840000	-32.164051
44.850000	-32.493749
44.860000	-32.755591
44.870000	-32.908105
44.880000	-33.051832
44.890000	-33.189448
44.900000	-33.233318
44.910000	-33.202265
44.920000	-33.181906
44.930000	-33.167311
44.940000	-33.128119
44.950000	-33.083296
44.960000	-32.956409
44.970000	-32.741660
44.980000	-32.491208
44.990000	-32.186532
45.000000	-31.950777
45.010000	-31.800432
45.020000	-31.663058
45.030000	-31.574321
45.040000	-31.473809
45.050000	-31.356068
45.060000	-31.282910
45.070000	-31.242267
45.080000	-31.124895
45.090000	-30.929767
45.100000	-30.701846
45.110000	-30.413951
45.120000	-30.146239
45.130000	-29.904033
45.140000	-29.624999
45.150000	-29.327011
45.160000	-29.107514
45.170000	-28.969476
45.180000	-28.879973
45.190000	-28.865487
45.200000	-28.855144
45.210000	-28.847647
45.220000	-28.902248
45.230000	-29.005627
45.240000	-29.110369
45.250000	-29.220569
45.260000	-29.351281
45.270000	-29.492468
45.280000	-29.689852
45.290000	-29.946831
45.300000	-30.233467
45.310000	-30.560989
45.320000	-30.839507
45.330000	-31.057924
45.340000	-31.267490
45.350000	-31.442434
45.360000	-31.628756
45.370000	-31.830369
45.380000	-32.001511
45.390000	-32.151433
45.400000	-32.356635
45.410000	-32.617601
45.420000	-32.903426
45.430000	-33.233107
45.440000	-33.549880
45.450000	-33.850082
45.460000	-34.177656
45.470000	-34.519973
45.480000	-34.798858
45.490000	-35.011230
45.500000	-35.184717
45.510000	-35.297877
45.520000	-35.406140
45.530000	-35.510599
45.540000	-35.564202
45.550000	-35.577304
45.560000	-35.590326
45.570000	-35.600175
45.580000	-35.593361
45.590000	-35.578557
45.600000	-35.517799
45.610000	-35.408196
45.620000	-35.274908
45.630000	-35.108616
45.640000	-34.979960
45.650000	-34.897828
45.660000	-34.821570
45.670000	-34.771473
45.680000	-34.711720
45.690000	-34.639189
45.700000	-34.589707
45.710000	-34.556060
45.720000	-34.477369
45.730000	-34.353168
45.740000	-34.208134
45.750000	-34.027118
45.760000	-33.855100
45.770000	-33.694977
45.780000	-33.511832
45.790000	-33.315652
45.800000	-33.170506
45.810000	-33.079016
45.820000	-33.018263
45.830000	-33.005829
45.840000	-32.996522
45.850000	-32.989404
45.860000	-33.022916
45.870000	-33.088601
45.880000	-33.152924
45.890000	-33.218358
45.900000	-33.296159
45.910000	-33.379092
45.920000	-33.498438
45.930000	-33.656565
45.940000	-33.832646
45.950000	-34.034337
45.960000	-34.204300
45.970000	-34.335262
45.980000	-34.460269
45.990000	-34.562830
46.000000	-34.671898
46.010000	-34.789992
46.020000	-34.888056
46.030000	-34.971906
46.040000	-35.091075
46.050000	-35.245937
46.060000	-35.416362
46.070000	-35.614663
46.080000	-35.804244
46.090000	-35.982725
46.100000	-36.178497
46.110000	-36.383417
46.120000	-36.521993
46.130000	-36.589671
46.140000	-36.615995
46.150000	-36.579842
46.160000	-36.531318
46.170000	-36.471617
46.180000	-36.356534
46.190000	-36.195293
46.200000	-36.031890
46.210000	-35.863759
46.220000	-35.674873
46.230000	-35.474895
46.240000	-35.224575
46.250000	-34.920768
46.260000	-34.590105
46.270000	-34.222959
46.280000	-33.881904
46.290000	-33.575224
46.300000	-33.265845
46.310000	-32.971798
46.320000	-32.662209
46.330000	-32.334156
46.340000	-32.018972
46.350000	-31.710377
46.360000	-31.352447
46.370000	-30.944506
46.380000	-30.509388
46.390000	-30.033068
46.400000	-29.556311
46.410000	-29.081695
46.420000	-28.577255
46.430000	-28.051970
46.440000	-27.633611
46.450000	-27.331594
46.460000	-27.092432
46.470000	-26.952271
46.480000	-26.830069
46.490000	-26.723516
46.500000	-26.705957
46.510000	-26.762535
46.520000	-26.812878
46.530000	-26.860725
46.540000	-26.936568
46.550000	-27.022432
46.560000	-27.187666
46.570000	-27.437889
46.580000	-27.725170
46.590000	-28.066425
46.600000	-28.362140
46.610000	-28.598523
46.620000	-28.835688
46.630000	-29.044799
46.640000	-29.273692
46.650000	-29.527088
46.660000	-29.755610
46.670000	-29.968970
46.680000	-30.258406
46.690000	-30.625203
46.700000	-31.031740
46.710000	-31.500938
46.720000	-31.966765
46.730000	-32.424995
46.740000	-32.927582
46.750000	-33.459981
46.760000	-33.883009
46.770000	-34.188435
46.780000	-34.431233
46.790000	-34.572625
46.800000	-34.705152
46.810000	-34.831277
46.820000	-34.869713
46.830000	-34.837696
46.840000	-34.816675
46.850000	-34.802157
46.860000	-34.764768
46.870000	-34.722581
46.880000	-34.603414
46.890000	-34.401693
46.900000	-34.166796
46.910000	-33.881192
46.920000	-33.659238
46.930000	-33.516310
46.940000	-33.384865
46.950000	-33.298018
46.960000	-33.199801
46.970000	-33.085085
46.980000	-33.011175
46.990000	-32.966858
47.000000	-32.850128
47.010000	-32.659942
47.020000	-32.438278
47.030000	-32.159708
47.040000	-31.898897
47.050000	-31.660768
47.060000	-31.387128
47.070000	-31.094587
47.080000	-30.860496
47.090000	-30.686180
47.100000	-30.547170
47.110000	-30.464181
47.120000	-30.378773
47.130000	-30.289936
47.140000	-30.245418
47.150000	-30.234103
47.160000	-30.221396
47.170000	-30.210754
47.180000	-30.212190
47.190000	-30.218485
47.200000	-30.264255
47.210000	-30.351913
47.220000	-30.459101
47.230000	-30.594279
47.240000	-30.682878
47.250000	-30.715881
47.260000	-30.735101
47.270000	-30.719156
47.280000	-30.706613
47.290000	-30.700569
47.300000	-30.662804
47.310000	-30.600994
47.320000	-30.577333
47.330000	-30.592011
47.340000	-30.619926
47.350000	-30.676415
47.360000	-30.714909
47.370000	-30.732323
47.380000	-30.764423
47.390000	-30.800764
47.400000	-30.841133
47.410000	-30.889448
47.420000	-30.938345
47.430000	-30.988761
47.440000	-31.049383
47.450000	-31.119753
47.460000	-31.196575
47.470000	-31.281733
47.480000	-31.362480
47.490000	-31.437633
47.500000	-31.514745
