# time	energy_highpass
2.510000	-0.125101
2.520000	15.518040
2.530000	5.127054
2.540000	9.241290
2.550000	16.259812
2.560000	7.140673
2.570000	-0.137352
2.580000	0.885573
2.590000	-0.779763
2.600000	-9.536423
2.610000	-7.832222
2.620000	-5.694014
2.630000	-5.174334
2.640000	-13.542531
2.650000	0.275492
2.660000	2.575308
2.670000	-3.763256
2.680000	5.675758
2.690000	-3.725097
2.700000	7.861216
2.710000	2.828556
2.720000	-4.279915
2.730000	-4.504548
2.740000	-2.709296
2.750000	-7.522862
2.760000	-5.315279
2.770000	-6.852105
2.780000	-5.421355
2.790000	-0.989717
2.800000	1.732250
2.810000	7.107602
2.820000	2.813010
2.830000	-2.174190
2.840000	2.593648
2.850000	1.317766
2.860000	-0.594767
2.870000	-1.807023
2.880000	-0.207046
2.890000	-9.361288
2.900000	-10.637596
2.910000	-4.044237
2.920000	8.591216
2.930000	12.388977
2.940000	0.326960
2.950000	-3.641366
2.960000	-2.573442
2.970000	-2.899292
2.980000	-0.984308
2.990000	3.323813
3.000000	2.689678
3.010000	-5.456336
3.020000	-1.554332
3.030000	9.905367
3.040000	6.312569
3.050000	12.083321
3.060000	6.813528
3.070000	4.098354
3.080000	-3.128069
3.090000	-10.726451
3.100000	1.831581
3.110000	-1.530161
3.120000	1.846968
3.130000	-6.269102
3.140000	-1.045944
3.150000	-2.702915
3.160000	0.835313
3.170000	-5.556248
3.180000	-7.605951
3.190000	-3.157015
3.200000	10.970877
3.210000	0.925080
3.220000	-4.237184
3.230000	-1.943214
3.240000	-7.301424
3.250000	0.641480
3.260000	-0.589750
3.270000	-5.793054
3.280000	-3.844616
3.290000	-0.817896
3.300000	-4.941299
3.310000	-0.138976
3.320000	-3.656682
3.330000	-2.652614
3.340000	-0.740388
3.350000	0.615233
3.360000	0.036106
3.370000	-0.785856
3.380000	1.611351
3.390000	2.879586
3.400000	-2.195612
3.410000	1.193351
3.420000	0.667974
3.430000	7.963024
3.440000	1.602883
3.450000	3.710372
3.460000	-5.643048
3.470000	3.305278
3.480000	7.787014
3.490000	4.416302
3.500000	6.947511
3.510000	-0.188699
3.520000	13.198068
3.530000	13.193997
3.540000	-1.298675
3.550000	-2.074344
3.560000	11.434182
3.570000	3.659012
3.580000	11.548815
3.590000	9.654657
3.600000	5.352266
3.610000	12.329839
3.620000	-4.890343
3.630000	-7.280620
3.640000	-0.667287
3.650000	-9.251505
3.660000	-7.168036
3.670000	-0.977572
3.680000	-7.021466
3.690000	-9.452041
3.700000	-6.063254
3.710000	-0.150868
3.720000	-0.184628
3.730000	-2.228093
3.740000	-5.069355
3.750000	-1.905988
3.760000	1.891828
3.770000	-8.588078
3.780000	-9.027357
3.790000	1.324807
3.800000	6.733217
3.810000	-9.325863
3.820000	-14.791233
3.830000	-7.668666
3.840000	-10.194996
3.850000	1.237450
3.860000	-2.272417
3.870000	-2.901460
3.880000	-3.275861
3.890000	-7.062297
3.900000	-11.103336
3.910000	-10.250216
3.920000	2.920983
3.930000	7.020812
3.940000	0.081490
3.950000	14.324248
3.960000	11.677139
3.970000	11.175706
3.980000	13.739281
3.990000	-1.420498
4.000000	4.935042
4.010000	4.637345
4.020000	7.188612
4.030000	-1.262484
4.040000	1.142653
4.050000	3.830210
4.060000	0.964041
4.070000	0.834309
4.080000	6.781039
4.090000	1.415127
4.100000	6.258826
4.110000	6.083006
4.120000	-6.650076
4.130000	-6.036657
4.140000	-7.394207
4.150000	0.600727
4.160000	-5.084867
4.170000	-4.851878
4.180000	7.631870
4.190000	8.669658
4.200000	2.160658
4.210000	4.778495
4.220000	2.376448
4.230000	-1.043377
4.240000	-2.137018
4.250000	-3.642959
4.260000	-0.079449
4.270000	4.519157
4.280000	-4.159319
4.290000	-6.448854
4.300000	2.406625
4.310000	1.129802
4.320000	-1.076335
4.330000	-3.838090
4.340000	8.254959
4.350000	0.289123
4.360000	-3.230508
4.370000	-2.581590
4.380000	-1.590788
4.390000	0.422111
4.400000	-0.734054
4.410000	-2.097582
4.420000	-3.822951
4.430000	-2.298931
4.440000	1.344570
4.450000	-0.188238
4.460000	-1.071474
4.470000	-3.986744
4.480000	-5.785112
4.490000	-1.342768
4.500000	-2.154365
4.510000	1.474816
4.520000	-0.577343
4.530000	-5.828942
4.540000	-8.678453
4.550000	-4.114294
4.560000	-3.758281
4.570000	-7.804209
4.580000	-4.959680
4.590000	-9.470182
4.600000	-3.575540
4.610000	-1.678399
4.620000	0.563354
4.630000	-6.618598
4.640000	-1.451700
4.650000	3.507148
4.660000	-4.580628
4.670000	1.374165
4.680000	6.825608
4.690000	11.997974
4.700000	12.018899
4.710000	17.548816
4.720000	9.594765
4.730000	8.575894
4.740000	9.856389
4.750000	10.354185
4.760000	10.816199
4.770000	7.129657
4.780000	0.493396
4.790000	6.261486
4.800000	-2.927084
4.810000	1.160879
4.820000	-0.756215
4.830000	-2.261545
4.840000	-0.123020
4.850000	-10.823828
4.860000	-2.938279
4.870000	-1.543772
4.880000	3.130876
4.890000	-8.778172
4.900000	-5.709494
4.910000	2.817598
4.920000	1.348345
4.930000	-4.685209
4.940000	-2.554300
4.950000	1.893197
4.960000	-1.565530
4.970000	-3.077079
4.980000	0.842142
4.990000	1.461458
5.000000	-1.262545
5.010000	-3.121776
5.020000	-0.419150
5.030000	-0.421164
5.040000	2.326921
5.050000	-4.163507
5.060000	-0.086835
5.070000	-2.562994
5.080000	1.940024
5.090000	-1.920082
5.100000	-10.604732
5.110000	2.511273
5.120000	3.971079
5.130000	-7.791948
5.140000	2.175313
5.150000	-9.036010
5.160000	-3.963426
5.170000	-7.879437
5.180000	-3.113324
5.190000	5.187752
5.200000	0.954977
5.210000	-0.904503
5.220000	-4.561502
5.230000	-2.313212
5.240000	0.229837
5.250000	-5.084470
5.260000	9.139901
5.270000	6.812930
5.280000	6.977895
5.290000	2.442155
5.300000	11.857945
5.310000	-10.522357
5.320000	-1.910746
5.330000	3.601425
5.340000	0.186845
5.350000	4.998154
5.360000	-3.473314
5.370000	10.150173
5.380000	12.038534
5.390000	2.286666
5.400000	5.889269
5.410000	-0.898314
5.420000	-4.530415
5.430000	-1.363098
5.440000	1.145640
5.450000	0.735603
5.460000	-11.878312
5.470000	-0.625140
5.480000	0.033891
5.490000	-3.618433
5.500000	8.167199
5.510000	6.557554
5.520000	1.809669
5.530000	0.646437
5.540000	0.625911
5.550000	-0.361519
5.560000	-6.709486
5.570000	-1.343611
5.580000	4.228430
5.590000	3.188834
5.600000	-4.031978
5.610000	1.505447
5.620000	0.784883
5.630000	-3.288368
5.640000	-7.147526
5.650000	0.717771
5.660000	0.327506
5.670000	-3.205956
5.680000	-1.242350
5.690000	-2.230277
5.700000	-0.280643
5.710000	1.625308
5.720000	0.123388
5.730000	3.106747
5.740000	-2.714281
5.750000	3.180655
5.760000	2.297179
5.770000	-2.268465
5.780000	-9.461510
5.790000	-11.156723
5.800000	-1.873433
5.810000	1.694881
5.820000	-0.720504
5.830000	0.630609
5.840000	-7.410783
5.850000	1.892763
5.860000	-2.077135
5.870000	-4.106041
5.880000	-2.008009
5.890000	3.519386
5.900000	5.444411
5.910000	9.558677
5.920000	2.611163
5.930000	2.582261
5.940000	-5.001944
5.950000	-0.377744
5.960000	6.844061
5.970000	-1.859061
5.980000	3.549830
5.990000	3.406941
6.000000	3.241358
6.010000	3.800499
6.020000	5.392949
6.030000	4.798176
6.040000	2.855914
6.050000	4.937984
6.060000	-2.166522
6.070000	-4.202578
6.080000	-4.426341
6.090000	-2.467758
6.100000	-2.563415
6.110000	-2.973889
6.120000	10.745455
6.130000	-7.799207
6.140000	-7.094332
6.150000	-3.815278
6.160000	-3.774531
6.170000	-4.762605
6.180000	-12.068139
6.190000	-7.081209
6.200000	0.565152
6.210000	4.584904
6.220000	-1.081439
6.230000	7.225147
6.240000	0.538507
6.250000	-0.119375
6.260000	3.873743
6.270000	13.007574
6.280000	-2.114395
6.290000	5.549248
6.300000	0.452342
6.310000	-8.849515
6.320000	2.344701
6.330000	3.134081
6.340000	-7.592534
6.350000	3.181858
6.360000	-1.766150
6.370000	5.462610
6.380000	7.169079
6.390000	8.164665
6.400000	1.161087
6.410000	-5.233736
6.420000	4.759547
6.430000	5.012968
6.440000	-3.896646
6.450000	0.235877
6.460000	0.556473
6.470000	-2.454917
6.480000	0.349251
6.490000	-2.704780
6.500000	-7.223183
6.510000	-2.634516
6.520000	-6.676414
6.530000	-2.047160
6.540000	-0.809348
6.550000	-3.977662
6.560000	1.767484
6.570000	-3.596276
6.580000	-1.089464
6.590000	4.792789
6.600000	-2.109865
6.610000	-0.206224
6.620000	6.674618
6.630000	-3.745786
6.640000	0.680880
6.650000	-9.836021
6.660000	3.504588
6.670000	5.364615
6.680000	4.675944
6.690000	-0.968859
6.700000	5.236895
6.710000	1.466777
6.720000	10.076094
6.730000	6.598496
6.740000	4.859020
6.750000	2.148760
6.760000	-12.883559
6.770000	-2.521202
6.780000	-9.976061
6.790000	-5.553759
6.800000	1.007209
6.810000	-1.503367
6.820000	0.872089
6.830000	-0.288673
6.840000	-4.867700
6.850000	2.834328
6.860000	-1.572043
6.870000	-1.493519
6.880000	-5.709391
6.890000	3.012210
6.900000	9.550897
6.910000	-3.650794
6.920000	-2.593148
6.930000	7.779860
6.940000	2.870152
6.950000	-1.106147
6.960000	4.376418
6.970000	-0.410164
6.980000	-4.175438
6.990000	-5.067261
7.000000	-1.819931
7.010000	-1.725100
7.020000	6.904910
7.030000	6.126425
7.040000	12.969059
7.050000	-3.366660
7.060000	-6.213657
7.070000	-5.429577
7.080000	3.885097
7.090000	6.771156
7.100000	-3.053814
7.110000	1.036072
7.120000	-0.660772
7.130000	6.820493
7.140000	-4.938047
7.150000	-7.499640
7.160000	-6.675190
7.170000	-1.865301
7.180000	-7.804514
7.190000	-5.455235
7.200000	-6.554799
7.210000	9.646939
7.220000	7.472924
7.230000	3.972180
7.240000	-2.267328
7.250000	-0.237081
7.260000	-4.158536
7.270000	-2.065671
7.280000	-5.130753
7.290000	-0.721627
7.300000	7.166262
7.310000	0.490924
7.320000	-5.427415
7.330000	2.633539
7.340000	2.926159
7.350000	6.054993
7.360000	7.185306
7.370000	7.253614
7.380000	4.088666
7.390000	4.482749
7.400000	-1.733832
7.410000	5.195049
7.420000	-0.369455
7.430000	2.410891
7.440000	-4.711858
7.450000	-6.375669
7.460000	-3.938553
7.470000	-8.759971
7.480000	-2.676631
7.490000	-4.509839
7.500000	-3.759957
7.510000	-8.387338
7.520000	4.733220
7.530000	2.160838
7.540000	5.601413
7.550000	-2.279060
7.560000	-8.694217
7.570000	-2.748016
7.580000	-3.005129
7.590000	-0.168301
7.600000	0.532428
7.610000	-0.933543
7.620000	2.819051
7.630000	0.753225
7.640000	4.119848
7.650000	5.218196
7.660000	5.084546
7.670000	3.435837
7.680000	6.321818
7.690000	5.229680
7.700000	3.809272
7.710000	2.645664
7.720000	7.449920
7.730000	4.471010
7.740000	2.547490
7.750000	-4.300970
7.760000	-0.109507
7.770000	-1.721958
7.780000	6.671220
7.790000	-16.346421
7.800000	-5.111480
7.810000	-0.089734
7.820000	-2.978485
7.830000	0.643931
7.840000	-2.378878
7.850000	0.268886
7.860000	-1.037344
7.870000	-3.938225
7.880000	-3.126546
7.890000	0.254824
7.900000	-0.071970
7.910000	-0.775350
7.920000	-8.541259
7.930000	-0.337034
7.940000	5.754724
7.950000	-3.360752
7.960000	-3.095025
7.970000	2.471624
7.980000	1.006221
7.990000	-4.138171
8.000000	6.662615
8.010000	2.220372
8.020000	-1.143566
8.030000	0.762426
8.040000	-1.485155
8.050000	-1.731991
8.060000	3.104003
8.070000	-3.882894
8.080000	2.689184
8.090000	-5.342813
8.100000	-7.555666
8.110000	-1.217556
8.120000	0.875291
8.130000	2.079305
8.140000	-2.103093
8.150000	2.249279
8.160000	3.365609
8.170000	4.053992
8.180000	0.484647
8.190000	4.841047
8.200000	-0.303112
8.210000	4.374281
8.220000	-0.262903
8.230000	4.406348
8.240000	5.599351
8.250000	0.589422
8.260000	-2.299199
8.270000	2.559596
8.280000	-5.326717
8.290000	-7.102897
8.300000	-4.999802
8.310000	-5.071574
8.320000	1.387764
8.330000	1.439149
8.340000	4.453886
8.350000	4.434432
8.360000	4.794854
8.370000	6.086260
8.380000	9.199638
8.390000	2.095258
8.400000	-0.666084
8.410000	1.264705
8.420000	-1.813212
8.430000	2.733420
8.440000	0.446927
8.450000	0.971925
8.460000	0.817549
8.470000	-2.588352
8.480000	-3.144684
8.490000	-3.844610
8.500000	-3.710177
8.510000	-6.599527
8.520000	-0.875006
8.530000	-6.298016
8.540000	-3.423248
8.550000	-4.733224
8.560000	-7.530390
8.570000	-0.139410
8.580000	4.384667
8.590000	0.597328
8.600000	4.168754
8.610000	-0.614239
8.620000	-0.673729
8.630000	1.995103
8.640000	1.063968
8.650000	-0.603775
8.660000	-0.465605
8.670000	2.484535
8.680000	0.653879
8.690000	-0.007152
8.700000	-1.756218
8.710000	2.875248
8.720000	0.410445
8.730000	-0.381627
8.740000	0.081871
8.750000	-0.523536
8.760000	1.682853
8.770000	0.475035
8.780000	-2.390084
8.790000	1.897181
8.800000	2.355446
8.810000	1.092736
8.820000	-0.034851
8.830000	1.785827
8.840000	-5.157899
8.850000	1.767891
8.860000	-0.827481
8.870000	-1.148607
8.880000	-1.685058
8.890000	0.178670
8.900000	1.001884
8.910000	-2.038272
8.920000	2.604961
8.930000	3.538605
8.940000	1.212225
8.950000	1.381690
8.960000	1.045594
8.970000	-1.042068
8.980000	-0.931922
8.990000	-0.967222
9.000000	0.765020
9.010000	-4.918814
9.020000	-6.590628
9.030000	2.153358
9.040000	1.030038
9.050000	3.427615
9.060000	5.577020
9.070000	-2.551305
9.080000	3.769360
9.090000	-9.069245
9.100000	3.950499
9.110000	2.406883
9.120000	0.741735
9.130000	-3.731203
9.140000	-3.858737
9.150000	3.397983
9.160000	0.876646
9.170000	6.364607
9.180000	3.554627
9.190000	-4.499846
9.200000	-2.114171
9.210000	-2.288393
9.220000	3.898959
9.230000	2.726004
9.240000	-3.984494
9.250000	-2.761272
9.260000	-8.316528
9.270000	-7.635489
9.280000	2.657032
9.290000	4.407534
9.300000	-3.367828
9.310000	6.460798
9.320000	-3.645474
9.330000	-2.132476
9.340000	1.894993
9.350000	1.522215
9.360000	0.507866
9.370000	-0.824034
9.380000	-3.827023
9.390000	1.306761
9.400000	3.219024
9.410000	-3.750634
9.420000	-0.453669
9.430000	0.977633
9.440000	-2.475494
9.450000	3.085183
9.460000	0.293277
9.470000	1.286765
9.480000	9.153089
9.490000	0.051269
9.500000	-0.014384
9.510000	-7.597899
9.520000	-5.391071
9.530000	-5.916652
9.540000	-6.765516
9.550000	3.192282
9.560000	3.688657
9.570000	6.857224
9.580000	1.201847
9.590000	-0.717784
9.600000	1.723300
9.610000	7.851624
9.620000	5.007900
9.630000	9.533936
9.640000	8.397842
9.650000	6.543841
9.660000	10.628052
9.670000	6.090574
9.680000	-1.080197
9.690000	2.018016
9.700000	-4.952774
9.710000	-0.751448
9.720000	-1.291523
9.730000	-0.574869
9.740000	2.619845
9.750000	-2.757505
9.760000	-4.228871
9.770000	-2.876687
9.780000	-4.386937
9.790000	-1.699026
9.800000	-4.276534
9.810000	-9.701215
9.820000	-2.095372
9.830000	-12.278590
9.840000	-4.532787
9.850000	-1.171103
9.860000	-2.366985
9.870000	-3.539099
9.880000	0.717498
9.890000	-5.174673
9.900000	0.208721
9.910000	-1.377947
9.920000	3.614572
9.930000	2.457984
9.940000	3.933252
9.950000	-7.335201
9.960000	2.084041
9.970000	-4.770667
9.980000	0.500373
9.990000	1.402938
10.000000	-3.944275
10.010000	1.652114
10.020000	1.213434
10.030000	-0.171483
10.040000	-0.321511
10.050000	-3.825917
10.060000	-4.116883
10.070000	1.460990
10.080000	-1.872736
10.090000	-4.378994
10.100000	7.692150
10.110000	0.235576
10.120000	9.703425
10.130000	8.687711
10.140000	13.772334
10.150000	9.222311
10.160000	3.701265
10.170000	3.944017
10.180000	0.865944
10.190000	-2.580180
10.200000	-1.582750
10.210000	-3.289280
10.220000	-8.161874
10.230000	0.909522
10.240000	1.657501
10.250000	2.360029
10.260000	3.359496
10.270000	-7.144273
10.280000	-6.688174
10.290000	-5.522250
10.300000	-3.291037
10.310000	-6.106487
10.320000	1.323045
10.330000	-4.317222
10.340000	-1.097747
10.350000	-0.067977
10.360000	-0.763907
10.370000	0.023368
10.380000	-0.272171
10.390000	1.815689
10.400000	1.382800
10.410000	-3.633163
10.420000	-1.333656
10.430000	6.733926
10.440000	-0.765384
10.450000	8.575550
10.460000	1.604311
10.470000	4.193315
10.480000	-0.694445
10.490000	-2.930813
10.500000	5.277226
10.510000	-2.558156
10.520000	1.034139
10.530000	2.070163
10.540000	-2.187396
10.550000	7.613532
10.560000	3.835718
10.570000	-3.939422
10.580000	7.567277
10.590000	-2.058422
10.600000	6.723047
10.610000	2.358491
10.620000	1.053669
10.630000	3.490271
10.640000	-8.744907
10.650000	0.331261
10.660000	1.375757
10.670000	3.093214
10.680000	-2.458474
10.690000	1.715727
10.700000	-2.779366
10.710000	-1.329590
10.720000	-9.360119
10.730000	-4.746336
10.740000	-2.881113
10.750000	-2.009666
10.760000	-6.286732
10.770000	3.952082
10.780000	-4.369573
10.790000	-5.887876
10.800000	-2.662294
10.810000	0.651628
10.820000	2.467428
10.830000	6.247800
10.840000	11.270633
10.850000	6.353575
10.860000	1.180109
10.870000	1.920306
10.880000	1.779334
10.890000	0.292062
10.900000	-3.913019
10.910000	-2.427282
10.920000	-7.151619
10.930000	-6.051213
10.940000	-11.840915
10.950000	-6.324913
10.960000	-0.208787
10.970000	-3.610404
10.980000	-3.289652
10.990000	1.710813
11.000000	-1.545448
11.010000	-3.763512
11.020000	-1.254152
11.030000	-4.214843
11.040000	0.327499
11.050000	-1.015396
11.060000	-8.006488
11.070000	-4.455181
11.080000	1.498486
11.090000	2.756568
11.100000	10.552235
11.110000	7.369142
11.120000	9.305099
11.130000	6.439839
11.140000	3.720923
11.150000	0.241953
11.160000	3.216150
11.170000	10.896937
11.180000	10.252488
11.190000	9.167715
11.200000	3.459028
11.210000	6.163740
11.220000	2.733663
11.230000	6.902519
11.240000	-1.146121
11.250000	4.433040
11.260000	-1.733465
11.270000	-6.861640
11.280000	-4.841248
11.290000	-12.415831
11.300000	-5.916430
11.310000	-12.079315
11.320000	-15.866204
11.330000	-13.144637
11.340000	-9.902828
11.350000	2.647052
11.360000	1.319093
11.370000	-0.229182
11.380000	6.052251
11.390000	0.860841
11.400000	2.826625
11.410000	4.515472
11.420000	0.879293
11.430000	0.589802
11.440000	-2.571599
11.450000	6.965126
11.460000	-0.026060
11.470000	0.985951
11.480000	-1.262199
11.490000	3.251255
11.500000	1.720013
11.510000	0.453805
11.520000	0.883390
11.530000	3.519737
11.540000	-1.390068
11.550000	2.609391
11.560000	3.730534
11.570000	2.437006
11.580000	3.479474
11.590000	6.153684
11.600000	6.169090
11.610000	2.049251
11.620000	2.902852
11.630000	-3.555122
11.640000	-0.747723
11.650000	4.342458
11.660000	4.487091
11.670000	-9.308065
11.680000	-5.477316
11.690000	-1.209187
11.700000	0.656394
11.710000	-4.387093
11.720000	-4.426944
11.730000	-8.877662
11.740000	1.777878
11.750000	-9.383930
11.760000	1.435011
11.770000	-4.554051
11.780000	-7.109879
11.790000	-4.512881
11.800000	0.413104
11.810000	2.644143
11.820000	1.410337
11.830000	-5.653556
11.840000	-0.564821
11.850000	-2.331931
11.860000	6.534493
11.870000	0.978097
11.880000	6.180765
11.890000	2.631475
11.900000	4.072686
11.910000	4.071805
11.920000	0.117575
11.930000	3.716523
11.940000	4.339561
11.950000	0.917265
11.960000	3.429573
11.970000	10.228886
11.980000	0.577963
11.990000	3.592155
12.000000	-0.247772
12.010000	4.455579
12.020000	0.859822
12.030000	-2.046512
12.040000	-6.584026
12.050000	-6.609440
12.060000	-7.520744
12.070000	-6.405302
12.080000	-2.363756
12.090000	-9.082954
12.100000	-0.053520
12.110000	-7.748050
12.120000	-3.277597
12.130000	1.802009
12.140000	5.448376
12.150000	-4.183650
12.160000	1.637602
12.170000	-3.707322
12.180000	4.143374
12.190000	0.685979
12.200000	1.532890
12.210000	2.812391
12.220000	0.718851
12.230000	-1.666628
12.240000	0.114203
12.250000	0.959314
12.260000	6.245378
12.270000	10.314510
12.280000	6.338680
12.290000	9.811650
12.300000	7.668164
12.310000	4.628230
12.320000	-5.012671
12.330000	2.726456
12.340000	4.007153
12.350000	-1.067914
12.360000	-13.095470
12.370000	-2.007719
12.380000	2.597535
12.390000	-4.448315
12.400000	-4.995607
12.410000	-5.733005
12.420000	-8.972621
12.430000	-3.444926
12.440000	-7.916062
12.450000	-3.016595
12.460000	0.136069
12.470000	-4.273143
12.480000	0.102697
12.490000	0.604501
12.500000	-1.601021
12.510000	-2.204917
12.520000	0.306770
12.530000	-0.549967
12.540000	0.836577
12.550000	3.668614
12.560000	5.671731
12.570000	5.429186
12.580000	4.539693
12.590000	4.009762
12.600000	3.037821
12.610000	3.663994
12.620000	2.485741
12.630000	1.159525
12.640000	2.415011
12.650000	-2.392662
12.660000	0.229795
12.670000	0.687437
12.680000	-1.504232
12.690000	1.428046
12.700000	1.503845
12.710000	-3.452278
12.720000	-4.872539
12.730000	-3.437957
12.740000	-4.053291
12.750000	-2.534331
12.760000	0.747186
12.770000	-3.792353
12.780000	-3.957995
12.790000	0.238263
12.800000	0.676903
12.810000	0.683671
12.820000	5.698741
12.830000	5.535622
12.840000	3.180825
12.850000	-1.621321
12.860000	3.457767
12.870000	3.490749
12.880000	2.855727
12.890000	-1.798908
12.900000	2.233131
12.910000	-1.139621
12.920000	1.925674
12.930000	-2.275474
12.940000	0.430139
12.950000	-0.727021
12.960000	-1.350911
12.970000	1.364338
12.980000	-1.191575
12.990000	8.266303
13.000000	4.816397
13.010000	8.953917
13.020000	3.654538
13.030000	2.985620
13.040000	2.169307
13.050000	-0.127578
13.060000	-3.824594
13.070000	-5.789737
13.080000	-11.313307
13.090000	-10.208295
13.100000	-3.142519
13.110000	5.252222
13.120000	-9.515635
13.130000	-17.325193
13.140000	-13.114524
13.150000	-6.504331
13.160000	-3.307856
13.170000	0.521979
13.180000	4.604137
13.190000	1.947277
13.200000	-0.289613
13.210000	0.888721
13.220000	-6.087945
13.230000	-3.097829
13.240000	1.930165
13.250000	4.836351
13.260000	4.739479
13.270000	2.270581
13.280000	5.445184
13.290000	3.645160
13.300000	5.337931
13.310000	4.620641
13.320000	1.654607
13.330000	3.814601
13.340000	2.319245
13.350000	2.558300
13.360000	0.292008
13.370000	0.018465
13.380000	1.753186
13.390000	-0.160351
13.400000	0.463072
13.410000	2.107588
13.420000	8.026780
13.430000	3.678934
13.440000	8.829756
13.450000	1.274387
13.460000	-7.360541
13.470000	-8.701244
13.480000	-1.929046
13.490000	-4.725060
13.500000	-1.438175
13.510000	-0.699602
13.520000	0.794951
13.530000	-0.273312
13.540000	-9.144916
13.550000	-0.212201
13.560000	-3.109825
13.570000	0.890967
13.580000	2.581646
13.590000	0.029478
13.600000	-4.777809
13.610000	-4.319745
13.620000	-0.918727
13.630000	-2.995965
13.640000	1.390938
13.650000	-0.148751
13.660000	3.249541
13.670000	0.323374
13.680000	7.149551
13.690000	-1.685057
13.700000	7.129277
13.710000	-2.477795
13.720000	-2.693931
13.730000	2.226916
13.740000	4.786363
13.750000	0.685157
13.760000	3.750197
13.770000	1.505682
13.780000	-0.469633
13.790000	-0.980672
13.800000	3.734567
13.810000	5.846728
13.820000	-0.074263
13.830000	-0.359039
13.840000	0.363913
13.850000	2.272869
13.860000	5.465998
13.870000	5.334373
13.880000	-0.118744
13.890000	-3.760232
13.900000	2.220420
13.910000	0.616569
13.920000	4.021580
13.930000	-0.231962
13.940000	-3.812394
13.950000	-4.532440
13.960000	-5.105016
13.970000	-3.350109
13.980000	-5.770857
13.990000	-3.009711
14.000000	-2.774605
14.010000	-1.593203
14.020000	-2.664079
14.030000	-2.482634
14.040000	-4.062511
14.050000	-2.510845
14.060000	-0.051494
14.070000	-0.318828
14.080000	1.757523
14.090000	1.365280
14.100000	-5.803199
14.110000	-5.521573
14.120000	-1.641980
14.130000	-2.394835
14.140000	0.840536
14.150000	-1.214148
14.160000	-6.577209
14.170000	-6.605770
14.180000	-5.656679
14.190000	0.145698
14.200000	-1.479501
14.210000	1.163786
14.220000	12.068342
14.230000	8.467239
14.240000	6.493133
14.250000	5.382685
14.260000	3.748889
14.270000	1.174416
14.280000	2.682278
14.290000	1.515242
14.300000	1.081556
14.310000	4.503454
14.320000	0.169586
14.330000	2.672864
14.340000	1.672233
14.350000	0.403403
14.360000	0.255089
14.370000	1.716236
14.380000	0.314947
14.390000	6.529188
14.400000	-0.241705
14.410000	3.099909
14.420000	3.269023
14.430000	-0.560367
14.440000	0.881893
14.450000	-6.263541
14.460000	-3.406257
14.470000	-2.498816
14.480000	2.591517
14.490000	-1.991823
14.500000	1.346316
14.510000	3.412501
14.520000	2.524946
14.530000	1.703682
14.540000	5.360119
14.550000	-2.300834
14.560000	1.606139
14.570000	-3.620199
14.580000	-2.988887
14.590000	3.644071
14.600000	-2.542553
14.610000	-2.467844
14.620000	4.495588
14.630000	-3.241659
14.640000	-9.551975
14.650000	-2.653786
14.660000	1.310778
14.670000	-3.414666
14.680000	-1.398423
14.690000	-1.915083
14.700000	1.018858
14.710000	-4.650726
14.720000	-8.133336
14.730000	-5.480208
14.740000	-1.126986
14.750000	-1.046398
14.760000	0.294357
14.770000	-7.216907
14.780000	-3.750910
14.790000	-7.462586
14.800000	-7.537705
14.810000	-5.479463
14.820000	-2.394520
14.830000	-8.959499
14.840000	-3.359022
14.850000	-1.260510
14.860000	-5.356713
14.870000	4.679708
14.880000	0.634740
14.890000	6.089983
14.900000	9.696454
14.910000	12.481275
14.920000	11.443281
14.930000	5.627272
14.940000	3.603930
14.950000	6.158780
14.960000	4.078304
14.970000	1.268149
14.980000	0.010418
14.990000	0.757705
15.000000	11.677887
15.010000	4.752297
15.020000	4.700492
15.030000	2.953744
15.040000	7.187508
15.050000	8.731328
15.060000	1.306162
15.070000	1.507418
15.080000	1.528585
15.090000	-0.297557
15.100000	2.867729
15.110000	5.401828
15.120000	2.287564
15.130000	-1.267728
15.140000	10.482020
15.150000	-8.244949
15.160000	-11.924580
15.170000	-12.124199
15.180000	-4.562533
15.190000	0.304564
15.200000	-4.755490
15.210000	-2.027324
15.220000	3.136827
15.230000	3.892711
15.240000	-3.040851
15.250000	-8.326944
15.260000	-5.944330
15.270000	-10.465595
15.280000	-6.016167
15.290000	-8.579640
15.300000	-4.722502
15.310000	-5.204923
15.320000	1.237429
15.330000	-3.749051
15.340000	-2.544844
15.350000	1.104987
15.360000	5.419965
15.370000	6.499520
15.380000	1.095209
15.390000	1.139650
15.400000	2.107059
15.410000	4.767139
15.420000	1.380257
15.430000	-0.493532
15.440000	3.154723
15.450000	-0.878115
15.460000	-3.550961
15.470000	-4.811849
15.480000	1.858462
15.490000	11.411172
15.500000	-2.393485
15.510000	-5.413567
15.520000	-2.154045
15.530000	-5.112717
15.540000	-3.960309
15.550000	-3.527114
15.560000	-0.436660
15.570000	7.455867
15.580000	4.744986
15.590000	5.117807
15.600000	5.715655
15.610000	12.228686
15.620000	1.363409
15.630000	5.023831
15.640000	-0.690450
15.650000	-8.200018
15.660000	-4.153529
15.670000	0.260243
15.680000	-1.318503
15.690000	3.300208
15.700000	-0.186421
15.710000	7.168913
15.720000	-5.480673
15.730000	-2.656384
15.740000	-0.876056
15.750000	1.606425
15.760000	4.003778
15.770000	3.629437
15.780000	3.139552
15.790000	2.703771
15.800000	-1.963632
15.810000	1.071400
15.820000	-1.454491
15.830000	6.857731
15.840000	1.040751
15.850000	-1.463785
15.860000	-0.749855
15.870000	4.155439
15.880000	0.625722
15.890000	2.094839
15.900000	2.545829
15.910000	-4.247841
15.920000	-1.727200
15.930000	0.075096
15.940000	-1.822517
15.950000	-2.824522
15.960000	-7.859447
15.970000	-5.257472
15.980000	-7.665944
15.990000	-3.860527
16.000000	-5.556153
16.010000	-7.893314
16.020000	-10.778058
16.030000	-3.994411
16.040000	-5.421114
16.050000	-5.104435
16.060000	7.057754
16.070000	-1.336195
16.080000	-0.887678
16.090000	-0.126245
16.100000	4.835398
16.110000	4.299281
16.120000	6.318913
16.130000	-0.591848
16.140000	3.276217
16.150000	0.599044
16.160000	1.089102
16.170000	-1.085451
16.180000	4.958589
16.190000	2.735623
16.200000	1.037636
16.210000	2.433809
16.220000	-1.735431
16.230000	-4.828587
16.240000	-3.193082
16.250000	-2.345022
16.260000	5.195536
16.270000	6.208882
16.280000	5.848215
16.290000	6.488501
16.300000	13.676979
16.310000	5.037228
16.320000	3.181870
16.330000	3.672194
16.340000	0.701920
16.350000	-1.393926
16.360000	-0.958282
16.370000	0.445605
16.380000	-2.310861
16.390000	-6.266839
16.400000	2.275867
16.410000	-2.868403
16.420000	-2.934000
16.430000	-1.797386
16.440000	-2.743548
16.450000	-0.699972
16.460000	-4.410120
16.470000	-3.301447
16.480000	-2.606185
16.490000	-3.689519
16.500000	-5.589994
16.510000	3.852647
16.520000	0.493658
16.530000	3.595656
16.540000	1.697122
16.550000	1.019345
16.560000	-0.418165
16.570000	0.209551
16.580000	-0.652397
16.590000	-0.671778
16.600000	0.333196
16.610000	-0.252607
16.620000	1.450598
16.630000	0.464307
16.640000	0.079175
16.650000	-1.531323
16.660000	-2.374031
16.670000	-0.969411
16.680000	-8.261085
16.690000	-2.222484
16.700000	-0.899801
16.710000	2.372467
16.720000	2.004192
16.730000	-2.987234
16.740000	4.165797
16.750000	2.479541
16.760000	0.698239
16.770000	-0.358048
16.780000	-4.543078
16.790000	-4.811595
16.800000	0.319066
16.810000	7.591189
16.820000	5.013985
16.830000	5.388591
16.840000	7.107069
16.850000	-2.400522
16.860000	-4.580628
16.870000	-2.081010
16.880000	1.526451
16.890000	-1.635689
16.900000	-0.687678
16.910000	-2.097949
16.920000	2.495452
16.930000	-2.319348
16.940000	-2.263181
16.950000	4.053598
16.960000	-0.674659
16.970000	3.910544
16.980000	0.147014
16.990000	0.357798
17.000000	2.439174
17.010000	6.412992
17.020000	-0.709147
17.030000	3.403028
17.040000	-3.597495
17.050000	-3.596757
17.060000	1.471361
17.070000	-3.875037
17.080000	-1.703638
17.090000	-4.946279
17.100000	-2.206136
17.110000	-1.525643
17.120000	-0.177689
17.130000	-4.440090
17.140000	-3.629253
17.150000	4.592232
17.160000	0.651782
17.170000	4.327347
17.180000	3.041725
17.190000	6.309914
17.200000	9.025996
17.210000	0.672067
17.220000	1.146909
17.230000	-0.604073
17.240000	-1.887625
17.250000	-3.373035
17.260000	1.393366
17.270000	-6.084177
17.280000	-1.401519
17.290000	-5.472647
17.300000	-5.716470
17.310000	-2.880118
17.320000	1.300342
17.330000	-1.535662
17.340000	-4.374713
17.350000	-2.517792
17.360000	-0.496924
17.370000	-2.158686
17.380000	0.356365
17.390000	3.892656
17.400000	6.671633
17.410000	6.009835
17.420000	-0.028897
17.430000	-5.314156
17.440000	0.945161
17.450000	-1.094012
17.460000	-0.229014
17.470000	-3.492990
17.480000	2.766236
17.490000	5.769210
17.500000	3.498803
17.510000	1.143732
17.520000	-2.663959
17.530000	2.576949
17.540000	-6.776089
17.550000	1.763111
17.560000	-2.683544
17.570000	0.536772
17.580000	5.492921
17.590000	2.332484
17.600000	0.719902
17.610000	-1.345564
17.620000	3.057634
17.630000	-2.349306
17.640000	4.654573
17.650000	1.751219
17.660000	-3.146518
17.670000	1.127158
17.680000	1.960106
17.690000	-1.886300
17.700000	-6.246097
17.710000	-9.397664
17.720000	-0.745653
17.730000	-0.785621
17.740000	-7.678568
17.750000	-0.887250
17.760000	5.676418
17.770000	-4.283665
17.780000	-1.030559
17.790000	-1.247003
17.800000	3.513189
17.810000	5.258340
17.820000	5.446986
17.830000	-1.014643
17.840000	-1.365635
17.850000	-2.536053
17.860000	3.452025
17.870000	3.019562
17.880000	-1.810567
17.890000	4.121637
17.900000	0.550792
17.910000	1.975992
17.920000	9.613745
17.930000	-5.960790
17.940000	0.577222
17.950000	1.890724
17.960000	-3.584862
17.970000	6.883606
17.980000	-1.762253
17.990000	3.456038
18.000000	3.956550
18.010000	1.937444
18.020000	6.865809
18.030000	9.459199
18.040000	3.421027
18.050000	2.526346
18.060000	4.821460
18.070000	-2.620567
18.080000	-8.022918
18.090000	1.429686
18.100000	-7.394866
18.110000	-17.287332
18.120000	-4.641881
18.130000	2.015489
18.140000	-8.148334
18.150000	-1.706940
18.160000	11.478280
18.170000	5.777033
18.180000	-4.306313
18.190000	-3.023066
18.200000	-1.111550
18.210000	5.110207
18.220000	0.481451
18.230000	-1.162335
18.240000	-3.011327
18.250000	-7.890850
18.260000	-12.042245
18.270000	-6.345261
18.280000	-5.830009
18.290000	-13.053564
18.300000	-4.587212
18.310000	-1.778750
18.320000	-6.668004
18.330000	-6.517187
18.340000	7.773901
18.350000	8.842726
18.360000	6.990576
18.370000	6.485257
18.380000	7.112809
18.390000	11.297313
18.400000	5.156548
18.410000	3.423080
18.420000	3.191807
18.430000	10.371949
18.440000	-0.207892
18.450000	-0.948210
18.460000	0.220551
18.470000	9.486563
18.480000	0.331052
18.490000	-0.544760
18.500000	-1.486981
18.510000	-2.805797
18.520000	-3.167631
18.530000	0.507767
18.540000	3.060072
18.550000	-0.177948
18.560000	-4.219661
18.570000	-9.890829
18.580000	-2.134755
18.590000	-4.597808
18.600000	-8.404331
18.610000	-7.342871
18.620000	-1.139776
18.630000	-4.268741
18.640000	-5.181486
18.650000	2.697980
18.660000	-14.195273
18.670000	-11.242121
18.680000	-5.601180
18.690000	-4.613828
18.700000	1.394305
18.710000	2.642606
18.720000	3.515625
18.730000	6.581081
18.740000	4.162067
18.750000	5.472809
18.760000	10.325881
18.770000	8.985348
18.780000	1.581899
18.790000	2.174086
18.800000	5.870811
18.810000	4.864773
18.820000	9.645010
18.830000	4.967533
18.840000	1.203526
18.850000	6.635599
18.860000	4.124644
18.870000	-1.463549
18.880000	1.128506
18.890000	-4.635728
18.900000	1.097689
18.910000	4.924464
18.920000	0.116992
18.930000	-8.325985
18.940000	-0.636783
18.950000	5.958971
18.960000	4.371737
18.970000	3.707807
18.980000	6.198716
18.990000	9.358065
19.000000	4.857294
19.010000	9.784205
19.020000	3.883678
19.030000	6.346821
19.040000	2.015557
19.050000	-1.579787
19.060000	-11.617999
19.070000	-2.391511
19.080000	-3.596229
19.090000	-7.983807
19.100000	-8.770130
19.110000	-11.973907
19.120000	0.291587
19.130000	-1.031022
19.140000	-9.232256
19.150000	-11.231621
19.160000	-6.706388
19.170000	-8.976520
19.180000	-9.061734
19.190000	-3.433653
19.200000	-7.827155
19.210000	-7.631794
19.220000	-13.172250
19.230000	-16.685671
19.240000	-6.271718
19.250000	-11.003744
19.260000	6.096118
19.270000	7.622638
19.280000	4.569936
19.290000	8.977419
19.300000	2.559532
19.310000	15.807600
19.320000	5.914455
19.330000	9.072790
19.340000	6.923119
19.350000	10.646839
19.360000	6.003534
19.370000	-3.268172
19.380000	-8.276755
19.390000	-4.797861
19.400000	-3.478981
19.410000	0.582914
19.420000	5.223803
19.430000	6.587849
19.440000	4.696527
19.450000	0.945904
19.460000	2.804166
19.470000	7.551941
19.480000	10.537668
19.490000	0.037108
19.500000	-2.740147
19.510000	-1.937593
19.520000	6.479152
19.530000	5.413509
19.540000	3.628862
19.550000	1.256496
19.560000	-6.591057
19.570000	8.493525
19.580000	0.073721
19.590000	5.022636
19.600000	-1.695779
19.610000	-2.441756
19.620000	-2.599233
19.630000	1.919747
19.640000	1.657982
19.650000	3.070628
19.660000	3.748384
19.670000	7.001939
19.680000	5.338914
19.690000	-8.937700
19.700000	-0.293902
19.710000	-4.238466
19.720000	-9.472345
19.730000	-8.248666
19.740000	-5.945475
19.750000	-4.640105
19.760000	-11.857283
19.770000	-3.244774
19.780000	-7.435040
19.790000	7.639396
19.800000	0.191505
19.810000	-7.876950
19.820000	-2.100862
19.830000	-5.525883
19.840000	-4.335015
19.850000	-2.193406
19.860000	-1.622138
19.870000	-0.787994
19.880000	0.294004
19.890000	2.260975
19.900000	2.900059
19.910000	-1.324471
19.920000	1.581758
19.930000	-3.724783
19.940000	4.738147
19.950000	2.196362
19.960000	2.422753
19.970000	-1.872427
19.980000	-1.434077
19.990000	-1.689434
20.000000	-1.244578
20.010000	9.621165
20.020000	4.598599
20.030000	-3.863163
20.040000	-1.398153
20.050000	0.534490
20.060000	2.320041
20.070000	2.182786
20.080000	17.488516
20.090000	-1.492620
20.100000	5.867907
20.110000	5.581347
20.120000	4.181102
20.130000	-1.414149
20.140000	-2.808168
20.150000	3.682095
20.160000	-3.501768
20.170000	-0.997351
20.180000	-1.329661
20.190000	-4.905597
20.200000	10.064751
20.210000	-6.318877
20.220000	-5.020861
20.230000	-1.772211
20.240000	-0.168923
20.250000	-3.266574
20.260000	-6.558673
20.270000	-2.871503
20.280000	9.035343
20.290000	2.651637
20.300000	2.418730
20.310000	4.111506
20.320000	6.594314
20.330000	8.311597
20.340000	5.314509
20.350000	-3.656642
20.360000	-12.297100
20.370000	-7.280477
20.380000	0.653705
20.390000	2.894271
20.400000	3.378262
20.410000	-3.050290
20.420000	-6.310637
20.430000	-19.934462
20.440000	-2.915448
20.450000	-0.338963
20.460000	-4.048313
20.470000	3.495664
20.480000	2.727375
20.490000	1.363508
20.500000	-2.862674
20.510000	1.986470
20.520000	-1.221645
20.530000	0.312890
20.540000	1.527921
20.550000	1.502983
20.560000	-0.332395
20.570000	2.289404
20.580000	-0.319119
20.590000	4.328221
20.600000	-4.645800
20.610000	-4.625013
20.620000	-3.653638
20.630000	-2.016169
20.640000	-3.089104
20.650000	4.040751
20.660000	-1.181024
20.670000	4.644420
20.680000	6.878763
20.690000	4.998030
20.700000	6.759017
20.710000	5.022129
20.720000	1.552040
20.730000	-5.302398
20.740000	-3.756479
20.750000	-2.592436
20.760000	0.983105
20.770000	4.460326
20.780000	1.920990
20.790000	-1.955846
20.800000	0.525805
20.810000	3.379267
20.820000	5.869640
20.830000	-0.385607
20.840000	-18.536023
20.850000	5.013383
20.860000	2.265727
20.870000	2.963387
20.880000	4.647490
20.890000	13.490426
20.900000	6.099675
20.910000	4.503850
20.920000	5.029978
20.930000	7.062856
20.940000	3.916690
20.950000	-2.368514
20.960000	-3.815468
20.970000	-8.100587
20.980000	-6.544129
20.990000	-1.978432
21.000000	-8.405815
21.010000	-7.993235
21.020000	-4.241534
21.030000	-0.784780
21.040000	-1.755190
21.050000	-1.771259
21.060000	-8.284371
21.070000	-6.711266
21.080000	-2.190784
21.090000	-7.844109
21.100000	-6.672731
21.110000	-0.281835
21.120000	-4.468730
21.130000	13.734152
21.140000	-5.345544
21.150000	7.248079
21.160000	1.355650
21.170000	6.199321
21.180000	3.702014
21.190000	-4.089051
21.200000	-1.467669
21.210000	-5.404674
21.220000	4.862525
21.230000	4.456033
21.240000	0.377926
21.250000	-1.533460
21.260000	-2.481743
21.270000	-0.149232
21.280000	-1.658302
21.290000	-2.599958
21.300000	-0.650198
21.310000	2.370823
21.320000	4.469406
21.330000	1.575201
21.340000	0.575766
21.350000	-0.510011
21.360000	2.953951
21.370000	-1.929525
21.380000	7.512913
21.390000	0.866134
21.400000	1.699634
21.410000	-5.380367
21.420000	-3.969811
21.430000	-1.808590
21.440000	8.455498
21.450000	3.692396
21.460000	7.128358
21.470000	6.308024
21.480000	15.473372
21.490000	0.776153
21.500000	-1.135455
21.510000	1.277353
21.520000	-2.232301
21.530000	1.541387
21.540000	2.353052
21.550000	0.226869
21.560000	-1.590510
21.570000	5.347643
21.580000	-3.093507
21.590000	2.907255
21.600000	-5.537321
21.610000	2.771211
21.620000	-0.263202
21.630000	5.795758
21.640000	-1.862757
21.650000	-2.964388
21.660000	-0.780985
21.670000	-8.659386
21.680000	-8.469521
21.690000	-1.879769
21.700000	-14.575767
21.710000	-20.054754
21.720000	-3.808898
21.730000	-11.325631
21.740000	-3.784837
21.750000	6.749476
21.760000	5.940331
21.770000	1.671695
21.780000	-6.819896
21.790000	10.025961
21.800000	-1.725755
21.810000	-2.236899
21.820000	3.286248
21.830000	-2.666007
21.840000	0.449290
21.850000	-5.957760
21.860000	-5.431140
21.870000	-2.295511
21.880000	0.548737
21.890000	3.800840
21.900000	6.984661
21.910000	5.157465
21.920000	-1.248841
21.930000	-1.997493
21.940000	4.584752
21.950000	-0.277795
21.960000	4.716433
21.970000	2.393597
21.980000	13.508579
21.990000	7.692276
22.000000	7.742903
22.010000	0.266775
22.020000	-2.706868
22.030000	1.881394
22.040000	1.730068
22.050000	-1.544443
22.060000	-3.266773
22.070000	-2.191854
22.080000	-1.893058
22.090000	-0.532674
22.100000	0.189508
22.110000	1.396405
22.120000	8.280258
22.130000	1.780473
22.140000	1.037339
22.150000	-2.870763
22.160000	0.528830
22.170000	3.054786
22.180000	0.886573
22.190000	-0.249374
22.200000	-3.651769
22.210000	-1.708206
22.220000	-4.478467
22.230000	3.545780
22.240000	3.510553
22.250000	2.157581
22.260000	2.647476
22.270000	1.197318
22.280000	-3.232589
22.290000	2.117687
22.300000	-4.081852
22.310000	-1.508996
22.320000	-2.254228
22.330000	-4.189913
22.340000	-2.982422
22.350000	-0.297879
22.360000	-2.680814
22.370000	-2.784088
22.380000	-2.715341
22.390000	-4.425287
22.400000	-1.884329
22.410000	-6.262469
22.420000	-1.659764
22.430000	-6.592799
22.440000	0.685111
22.450000	-3.059649
22.460000	-2.749272
22.470000	-0.538137
22.480000	-4.618815
22.490000	2.099898
22.500000	-3.076927
22.510000	1.868749
22.520000	0.637070
22.530000	6.493270
22.540000	1.841679
22.550000	2.420964
22.560000	-0.343751
22.570000	2.004822
22.580000	9.389430
22.590000	0.005591
22.600000	0.631144
22.610000	3.253344
22.620000	5.559612
22.630000	-0.238026
22.640000	1.289019
22.650000	-1.948411
22.660000	-2.479236
22.670000	3.241904
22.680000	2.876424
22.690000	2.390640
22.700000	4.373056
22.710000	-0.908422
22.720000	4.531049
22.730000	-2.509723
22.740000	-3.350437
22.750000	1.438287
22.760000	1.950616
22.770000	-3.316325
22.780000	-1.105435
22.790000	-1.207576
22.800000	0.803095
22.810000	-3.214150
22.820000	1.664218
22.830000	-1.018089
22.840000	-3.241006
22.850000	-3.206866
22.860000	-5.925329
22.870000	-6.146340
22.880000	-5.284820
22.890000	-12.891370
22.900000	2.377039
22.910000	0.333227
22.920000	-4.455011
22.930000	2.337534
22.940000	2.168310
22.950000	0.579730
22.960000	2.250389
22.970000	-2.204425
22.980000	2.566674
22.990000	9.509590
23.000000	4.825229
23.010000	6.126036
23.020000	7.979449
23.030000	0.707987
23.040000	6.615515
23.050000	2.990578
23.060000	8.594079
23.070000	9.170979
23.080000	6.709206
23.090000	5.650091
23.100000	0.284653
23.110000	6.429845
23.120000	4.597036
23.130000	-0.584575
23.140000	5.888887
23.150000	6.488865
23.160000	-9.013617
23.170000	-2.488192
23.180000	-5.808845
23.190000	-6.059346
23.200000	-3.831590
23.210000	-2.546258
23.220000	-2.804155
23.230000	-10.857995
23.240000	-5.342041
23.250000	-10.186637
23.260000	-5.342926
23.270000	-3.906658
23.280000	7.694128
23.290000	-6.185917
23.300000	-9.341891
23.310000	2.867412
23.320000	6.653205
23.330000	-6.604414
23.340000	-6.852007
23.350000	-1.311556
23.360000	-1.448329
23.370000	0.415717
23.380000	3.349466
23.390000	-5.740517
23.400000	-3.363734
23.410000	-7.256025
23.420000	-3.257452
23.430000	2.917698
23.440000	-6.999377
23.450000	-7.848247
23.460000	-2.671895
23.470000	1.733844
23.480000	-2.422025
23.490000	10.614651
23.500000	-6.914910
23.510000	-7.287895
23.520000	-1.709801
23.530000	4.157246
23.540000	4.874762
23.550000	-8.492570
23.560000	-1.157210
23.570000	-1.907153
23.580000	16.399734
23.590000	4.969072
23.600000	8.861888
23.610000	7.925286
23.620000	7.194425
23.630000	9.240211
23.640000	6.628339
23.650000	10.839130
23.660000	11.216277
23.670000	8.778348
23.680000	-5.111893
23.690000	4.046752
23.700000	5.582331
23.710000	-2.202698
23.720000	4.111362
23.730000	-1.489049
23.740000	-0.678846
23.750000	-2.944675
23.760000	0.042701
23.770000	-3.430378
23.780000	0.651242
23.790000	-0.192989
23.800000	-12.440001
23.810000	-9.017039
23.820000	-2.579709
23.830000	-1.843401
23.840000	-1.590011
23.850000	-8.190532
23.860000	-1.229129
23.870000	4.254512
23.880000	-2.938408
23.890000	-5.473137
23.900000	-8.210961
23.910000	-11.087559
23.920000	-7.795352
23.930000	-11.799203
23.940000	-5.159716
23.950000	-1.194625
23.960000	10.288580
23.970000	5.868054
23.980000	9.462387
23.990000	5.661784
24.000000	6.727451
24.010000	6.895236
24.020000	8.167417
24.030000	8.113971
24.040000	3.187350
24.050000	4.933463
24.060000	7.055412
24.070000	2.158992
24.080000	6.944514
24.090000	2.370389
24.100000	5.897533
24.110000	5.585612
24.120000	4.223814
24.130000	4.907634
24.140000	2.233594
24.150000	7.523630
24.160000	-13.801210
24.170000	-16.950778
24.180000	-7.784305
24.190000	-14.950374
24.200000	4.260020
24.210000	1.910851
24.220000	4.072951
24.230000	-5.371156
24.240000	0.152190
24.250000	1.855277
24.260000	6.938008
24.270000	-9.192330
24.280000	-10.559570
24.290000	5.837175
24.300000	-10.524666
24.310000	-15.046425
24.320000	-12.625302
24.330000	-15.155063
24.340000	-12.677390
24.350000	-12.504362
24.360000	6.116138
24.370000	8.095716
24.380000	2.190624
24.390000	0.009070
24.400000	0.921572
24.410000	5.419146
24.420000	8.589737
24.430000	3.103918
24.440000	-1.077659
24.450000	-3.713822
24.460000	7.044197
24.470000	-0.750433
24.480000	-2.091844
24.490000	-0.670805
24.500000	0.527609
24.510000	3.643236
24.520000	7.499533
24.530000	6.410056
24.540000	-1.059043
24.550000	-0.366267
24.560000	4.494709
24.570000	1.392962
24.580000	8.900950
24.590000	7.544078
24.600000	2.412897
24.610000	6.422253
24.620000	3.950634
24.630000	1.001132
24.640000	5.862331
24.650000	4.655187
24.660000	2.006875
24.670000	-0.272499
24.680000	0.450968
24.690000	-1.667810
24.700000	6.671388
24.710000	0.201034
24.720000	-2.077885
24.730000	4.330081
24.740000	-2.176758
24.750000	-1.783782
24.760000	-13.909945
24.770000	0.481368
24.780000	-3.686112
24.790000	-4.046242
24.800000	-3.731524
24.810000	-2.298793
24.820000	0.130809
24.830000	-2.520624
24.840000	-0.196289
24.850000	0.085710
24.860000	4.609173
24.870000	0.069346
24.880000	3.918562
24.890000	-3.194417
24.900000	-1.526889
24.910000	-7.077725
24.920000	-7.008690
24.930000	3.189751
24.940000	-3.528940
24.950000	1.474801
24.960000	-4.574543
24.970000	-5.256374
24.980000	-4.429919
24.990000	-5.581536
25.000000	-2.050190
25.010000	-2.421835
25.020000	1.063977
25.030000	-1.579111
25.040000	0.252174
25.050000	-3.440361
25.060000	-0.568751
25.070000	6.034620
25.080000	-1.383915
25.090000	1.062153
25.100000	-6.979745
25.110000	-5.920247
25.120000	-7.234698
25.130000	2.967017
25.140000	4.166787
25.150000	9.073638
25.160000	7.078920
25.170000	2.219125
25.180000	7.945207
25.190000	5.956739
25.200000	6.847112
25.210000	-4.394765
25.220000	2.912005
25.230000	0.347903
25.240000	-0.278502
25.250000	5.729934
25.260000	1.319486
25.270000	9.539867
25.280000	1.109940
25.290000	5.975950
25.300000	2.622079
25.310000	0.046139
25.320000	4.262177
25.330000	3.684038
25.340000	1.649324
25.350000	2.079361
25.360000	2.072774
25.370000	-8.136540
25.380000	0.234677
25.390000	-8.657268
25.400000	-6.900029
25.410000	-7.921637
25.420000	-6.199186
25.430000	-3.081170
25.440000	-1.827634
25.450000	-0.058738
25.460000	-0.933179
25.470000	-0.259977
25.480000	5.446001
25.490000	-1.401371
25.500000	4.560452
25.510000	-1.999232
25.520000	2.748543
25.530000	-0.052862
25.540000	-7.295145
25.550000	-3.896052
25.560000	-3.315578
25.570000	-0.300694
25.580000	3.345699
25.590000	1.366038
25.600000	0.336118
25.610000	-1.718949
25.620000	2.887030
25.630000	-4.354790
25.640000	0.362114
25.650000	-0.692717
25.660000	-3.182350
25.670000	6.789597
25.680000	1.381289
25.690000	-3.487007
25.700000	0.286833
25.710000	-0.136100
25.720000	8.877921
25.730000	-1.125562
25.740000	-2.219675
25.750000	1.147663
25.760000	-2.212965
25.770000	-2.057148
25.780000	0.670271
25.790000	6.066765
25.800000	-7.129376
25.810000	-3.553779
25.820000	-2.838339
25.830000	-1.385020
25.840000	-0.681064
25.850000	-2.987071
25.860000	1.972808
25.870000	4.555582
25.880000	7.393938
25.890000	-1.863334
25.900000	3.569661
25.910000	8.876607
25.920000	0.881975
25.930000	-1.275873
25.940000	0.687646
25.950000	-2.216408
25.960000	-2.639946
25.970000	3.011507
25.980000	-0.521809
25.990000	-3.619795
26.000000	-0.783449
26.010000	-1.893251
26.020000	2.014776
26.030000	-3.048885
26.040000	5.125932
26.050000	1.201063
26.060000	-3.852748
26.070000	-4.661920
26.080000	-3.912374
26.090000	-3.787069
26.100000	2.036165
26.110000	4.444333
26.120000	-2.897401
26.130000	-3.209522
26.140000	1.445992
26.150000	-3.232330
26.160000	0.384798
26.170000	-1.908011
26.180000	7.198674
26.190000	7.316296
26.200000	-4.956479
26.210000	-1.018891
26.220000	3.736316
26.230000	4.637023
26.240000	-1.100172
26.250000	-2.408452
26.260000	-2.216736
26.270000	-3.230729
26.280000	2.783414
26.290000	-0.498020
26.300000	7.281133
26.310000	6.080091
26.320000	-0.365706
26.330000	2.141948
26.340000	1.053314
26.350000	-1.412492
26.360000	-2.624114
26.370000	2.760290
26.380000	-2.488213
26.390000	-3.084188
26.400000	2.309527
26.410000	-0.395876
26.420000	-2.544005
26.430000	-1.129721
26.440000	3.092882
26.450000	1.435916
26.460000	1.594759
26.470000	-2.286178
26.480000	-0.351901
26.490000	-0.902958
26.500000	-3.785208
26.510000	-1.104773
26.520000	-2.128678
26.530000	-0.393651
26.540000	-5.187526
26.550000	-0.311975
26.560000	0.331985
26.570000	3.182713
26.580000	-3.273854
26.590000	-2.350619
26.600000	0.463003
26.610000	-3.966166
26.620000	1.706770
26.630000	11.964477
26.640000	2.920904
26.650000	1.991806
26.660000	0.875219
26.670000	0.927967
26.680000	-3.362325
26.690000	-4.291844
26.700000	3.223493
26.710000	-2.744028
26.720000	6.887060
26.730000	-4.632548
26.740000	-6.514715
26.750000	6.452153
26.760000	12.736304
26.770000	-2.503082
26.780000	-2.355877
26.790000	1.079403
26.800000	-1.735053
26.810000	-4.169008
26.820000	-5.164163
26.830000	-0.444201
26.840000	-5.004757
26.850000	-3.384523
26.860000	11.030797
26.870000	3.243649
26.880000	9.023027
26.890000	0.142007
26.900000	-1.545999
26.910000	-13.797448
26.920000	-0.315476
26.930000	-1.206030
26.940000	-5.244895
26.950000	-2.895672
26.960000	-2.753306
26.970000	-3.782806
26.980000	-5.213575
26.990000	-5.188127
27.000000	-2.362342
27.010000	-4.576495
27.020000	-0.509251
27.030000	-0.346009
27.040000	1.591696
27.050000	-0.685640
27.060000	1.232793
27.070000	-1.787731
27.080000	-4.911517
27.090000	1.177577
27.100000	-2.755788
27.110000	-3.273713
27.120000	1.936230
27.130000	11.789979
27.140000	16.285444
27.150000	21.516936
27.160000	16.170136
27.170000	17.171885
27.180000	-1.831258
27.190000	-0.342418
27.200000	-5.159070
27.210000	-1.976703
27.220000	-6.142411
27.230000	-4.446226
27.240000	-3.349605
27.250000	-4.351517
27.260000	-3.163464
27.270000	-7.254233
27.280000	-2.379658
27.290000	0.074350
27.300000	-4.376379
27.310000	-5.457752
27.320000	1.734823
27.330000	-0.868450
27.340000	3.158057
27.350000	-3.917283
27.360000	6.241605
27.370000	1.617797
27.380000	0.707822
27.390000	2.483680
27.400000	-2.045572
27.410000	-0.452032
27.420000	-1.708971
27.430000	1.152712
27.440000	-1.709832
27.450000	-0.767429
27.460000	-1.150888
27.470000	3.912886
27.480000	-0.017325
27.490000	3.026732
27.500000	-4.461184
27.510000	3.914227
27.520000	-0.691054
27.530000	-1.378174
27.540000	5.663518
27.550000	0.611369
27.560000	-3.587535
27.570000	1.586924
27.580000	5.725861
27.590000	-2.984786
27.600000	5.812517
27.610000	4.341588
27.620000	-0.114414
27.630000	14.787798
27.640000	-1.986471
27.650000	-4.126982
27.660000	-2.431496
27.670000	6.740880
27.680000	-0.563784
27.690000	-4.931472
27.700000	-7.096342
27.710000	-1.769982
27.720000	3.006219
27.730000	2.658500
27.740000	1.448749
27.750000	-2.092380
27.760000	-3.091550
27.770000	-1.326856
27.780000	-0.676216
27.790000	-7.787427
27.800000	0.179341
27.810000	-1.727243
27.820000	-1.102033
27.830000	-5.013501
27.840000	-4.289611
27.850000	2.446448
27.860000	-1.253390
27.870000	-7.076279
27.880000	-5.576974
27.890000	-5.860636
27.900000	-3.149458
27.910000	-8.676104
27.920000	-3.146547
27.930000	-1.651867
27.940000	-3.862060
27.950000	-8.604952
27.960000	-10.806357
27.970000	-11.328296
27.980000	-5.298675
27.990000	3.587357
28.000000	11.161339
28.010000	8.115088
28.020000	7.518624
28.030000	8.092077
28.040000	7.164286
28.050000	9.789294
28.060000	7.731787
28.070000	6.600646
28.080000	4.540331
28.090000	5.228432
28.100000	8.888120
28.110000	6.859246
28.120000	0.881942
28.130000	2.114157
28.140000	11.141325
28.150000	3.167876
28.160000	6.548900
28.170000	-1.694447
28.180000	-2.875790
28.190000	-1.788370
28.200000	-1.278100
28.210000	-1.139895
28.220000	4.791938
28.230000	1.304686
28.240000	-11.162725
28.250000	-15.024942
28.260000	-11.000803
28.270000	1.988085
28.280000	-8.410342
28.290000	-3.993777
28.300000	-6.626332
28.310000	-2.407793
28.320000	-0.534420
28.330000	2.930696
28.340000	-11.728848
28.350000	-2.634256
28.360000	5.201477
28.370000	5.843274
28.380000	0.451894
28.390000	-1.425872
28.400000	6.294212
28.410000	-6.711165
28.420000	1.288098
28.430000	3.374549
28.440000	4.263403
28.450000	2.340374
28.460000	11.854118
28.470000	-1.639038
28.480000	-0.161928
28.490000	7.058855
28.500000	2.011352
28.510000	11.229215
28.520000	3.254172
28.530000	1.201983
28.540000	-1.681792
28.550000	-0.690794
28.560000	4.396409
28.570000	-0.429955
28.580000	-2.220198
28.590000	0.852674
28.600000	4.140550
28.610000	-1.291635
28.620000	3.886509
28.630000	-6.265368
28.640000	-2.798607
28.650000	-1.714096
28.660000	1.084893
28.670000	-1.003539
28.680000	-5.589989
28.690000	-3.692643
28.700000	-2.548713
28.710000	-0.059873
28.720000	-3.272693
28.730000	-1.612124
28.740000	-5.660019
28.750000	-5.202968
28.760000	-3.317763
28.770000	-1.717261
28.780000	-2.108244
28.790000	2.168389
28.800000	-3.341427
28.810000	0.282448
28.820000	-6.634628
28.830000	-0.811752
28.840000	-2.422963
28.850000	1.582381
28.860000	-1.732427
28.870000	-2.530822
28.880000	-6.689762
28.890000	-6.089051
28.900000	-1.653575
28.910000	-2.642866
28.920000	4.151023
28.930000	-0.885507
28.940000	8.262254
28.950000	2.905011
28.960000	1.279559
28.970000	3.888666
28.980000	3.165565
28.990000	1.372487
29.000000	1.994506
29.010000	2.652216
29.020000	0.567371
29.030000	5.950625
29.040000	-1.556012
29.050000	1.523944
29.060000	0.653534
29.070000	2.990816
29.080000	0.761670
29.090000	2.563010
29.100000	4.582016
29.110000	10.370099
29.120000	2.951809
29.130000	0.854440
29.140000	4.669490
29.150000	-1.448615
29.160000	-0.682465
29.170000	0.250509
29.180000	3.046239
29.190000	4.226120
29.200000	2.618907
29.210000	2.590841
29.220000	2.706700
29.230000	-3.359252
29.240000	1.457286
29.250000	-1.997864
29.260000	-4.082636
29.270000	-2.527826
29.280000	-5.320585
29.290000	-1.205320
29.300000	-2.994393
29.310000	-3.137993
29.320000	-3.859420
29.330000	-2.969461
29.340000	-4.820622
29.350000	-0.963759
29.360000	-2.430260
29.370000	-3.855060
29.380000	-1.175788
29.390000	-5.494889
29.400000	-1.409583
29.410000	-2.680956
29.420000	1.779222
29.430000	1.330102
29.440000	-0.184579
29.450000	-0.901036
29.460000	-2.492650
29.470000	3.351247
29.480000	6.555483
29.490000	0.535597
29.500000	0.436123
29.510000	0.148329
29.520000	2.930888
29.530000	2.960772
29.540000	2.676680
29.550000	-0.388588
29.560000	2.664435
29.570000	-0.230380
29.580000	-2.144129
29.590000	-0.037472
29.600000	-1.425830
29.610000	0.502336
29.620000	3.280060
29.630000	0.970474
29.640000	0.058805
29.650000	2.286049
29.660000	3.654719
29.670000	0.613050
29.680000	3.167546
29.690000	2.495755
29.700000	-0.687204
29.710000	1.069022
29.720000	-0.034300
29.730000	-3.125877
29.740000	-4.958085
29.750000	-5.871395
29.760000	-5.553412
29.770000	-6.927340
29.780000	0.618288
29.790000	-1.408159
29.800000	-3.798868
29.810000	0.097259
29.820000	-5.720843
29.830000	-7.785445
29.840000	-4.169420
29.850000	-3.839096
29.860000	0.451783
29.870000	-0.220740
29.880000	-9.050037
29.890000	1.750094
29.900000	1.596519
29.910000	13.401770
29.920000	7.780609
29.930000	0.012435
29.940000	1.595800
29.950000	-1.550047
29.960000	4.762171
29.970000	5.267903
29.980000	7.109559
29.990000	3.492422
30.000000	-3.730559
30.010000	-0.146791
30.020000	0.054030
30.030000	1.572101
30.040000	1.253573
30.050000	-1.055759
30.060000	5.414226
30.070000	5.296950
30.080000	-0.852573
30.090000	-2.091850
30.100000	12.584461
30.110000	2.245985
30.120000	3.712657
30.130000	-4.892931
30.140000	-0.577598
30.150000	2.940417
30.160000	-1.722971
30.170000	-6.121557
30.180000	-1.127767
30.190000	-3.244491
30.200000	3.165074
30.210000	-1.013030
30.220000	4.494135
30.230000	0.139112
30.240000	1.682668
30.250000	4.794412
30.260000	0.399109
30.270000	-1.541443
30.280000	-8.744098
30.290000	1.315177
30.300000	-4.202519
30.310000	-5.368543
30.320000	-5.327665
30.330000	-8.669725
30.340000	-12.516109
30.350000	-0.825401
30.360000	0.461302
30.370000	-3.675030
30.380000	5.176794
30.390000	0.095299
30.400000	0.071721
30.410000	-3.568219
30.420000	0.754516
30.430000	1.701460
30.440000	5.189235
30.450000	3.217496
30.460000	-0.066574
30.470000	3.637879
30.480000	1.338121
30.490000	4.286496
30.500000	-0.021738
30.510000	1.305531
30.520000	0.900443
30.530000	1.601729
30.540000	1.409617
30.550000	0.633481
30.560000	1.170629
30.570000	-3.841965
30.580000	-0.650594
30.590000	-1.545521
30.600000	-0.600955
30.610000	2.495426
30.620000	2.115995
30.630000	5.916887
30.640000	-1.402061
30.650000	-5.592709
30.660000	-1.820560
30.670000	1.237857
30.680000	-6.752923
30.690000	-2.243705
30.700000	-1.026294
30.710000	2.986722
30.720000	-1.164571
30.730000	0.988101
30.740000	0.633879
30.750000	-3.062422
30.760000	-1.606834
30.770000	3.965973
30.780000	-0.042003
30.790000	2.791228
30.800000	2.273240
30.810000	3.065400
30.820000	-3.614685
30.830000	3.732606
30.840000	5.130162
30.850000	7.344897
30.860000	2.637599
30.870000	4.956353
30.880000	1.216266
30.890000	-3.965565
30.900000	0.290315
30.910000	0.483137
30.920000	-9.473091
30.930000	-8.685871
30.940000	-5.846202
30.950000	-5.119871
30.960000	-1.145260
30.970000	-3.793572
30.980000	-3.800279
30.990000	0.454239
31.000000	1.242714
31.010000	-2.569499
31.020000	2.108830
31.030000	-0.357545
31.040000	4.511181
31.050000	-0.276096
31.060000	2.464236
31.070000	2.732720
31.080000	-0.273563
31.090000	1.122753
31.100000	7.094005
31.110000	5.415032
31.120000	6.523450
31.130000	5.015513
31.140000	4.314917
31.150000	0.880652
31.160000	-4.572563
31.170000	-6.006035
31.180000	-5.144409
31.190000	0.025380
31.200000	2.963470
31.210000	-1.274812
31.220000	0.014027
31.230000	1.775792
31.240000	-2.461880
31.250000	-1.828910
31.260000	-3.369279
31.270000	-5.694572
31.280000	-1.602222
31.290000	7.405532
31.300000	4.176775
31.310000	1.233544
31.320000	-6.019779
31.330000	-4.335846
31.340000	-5.921010
31.350000	-0.622667
31.360000	-3.840117
31.370000	-8.337349
31.380000	-2.132660
31.390000	1.211964
31.400000	6.209231
31.410000	3.465566
31.420000	0.921376
31.430000	2.814581
31.440000	3.363140
31.450000	4.497142
31.460000	3.733553
31.470000	1.448017
31.480000	-1.539989
31.490000	0.016121
31.500000	-0.104003
31.510000	1.293291
31.520000	-1.794437
31.530000	1.834125
31.540000	-1.884811
31.550000	-2.684627
31.560000	-3.206148
31.570000	-4.969615
31.580000	0.835293
31.590000	-6.736898
31.600000	-1.244963
31.610000	1.683046
31.620000	3.708145
31.630000	0.566068
31.640000	2.988198
31.650000	2.654961
31.660000	2.885014
31.670000	-2.455493
31.680000	4.654381
31.690000	1.035349
31.700000	0.492870
31.710000	4.686725
31.720000	-1.214342
31.730000	1.733349
31.740000	-0.952265
31.750000	-1.315790
31.760000	-1.231016
31.770000	8.471032
31.780000	1.397627
31.790000	-3.793567
31.800000	-0.513809
31.810000	6.884345
31.820000	5.752101
31.830000	-1.269911
31.840000	-6.472011
31.850000	-3.297728
31.860000	-6.608190
31.870000	-7.805926
31.880000	-6.022906
31.890000	-1.094999
31.900000	-2.686244
31.910000	-2.570471
31.920000	-2.165306
31.930000	6.675310
31.940000	0.577494
31.950000	7.724240
31.960000	-3.397687
31.970000	0.752541
31.980000	-0.136783
31.990000	0.522626
32.000000	1.686670
32.010000	1.743439
32.020000	-0.209662
32.030000	-1.049894
32.040000	1.068995
32.050000	-3.133904
32.060000	-2.325589
32.070000	4.288399
32.080000	0.303758
32.090000	1.686763
32.100000	4.440682
32.110000	0.252725
32.120000	-2.151697
32.130000	-1.682172
32.140000	1.330720
32.150000	1.833535
32.160000	-3.669324
32.170000	-2.737548
32.180000	-3.893525
32.190000	-3.940078
32.200000	2.902709
32.210000	3.890895
32.220000	-1.904950
32.230000	0.612346
32.240000	0.326206
32.250000	4.543701
32.260000	-0.094277
32.270000	-3.806844
32.280000	1.889252
32.290000	-1.486206
32.300000	2.566316
32.310000	1.840060
32.320000	2.650240
32.330000	5.112704
32.340000	-3.699097
32.350000	-1.527011
32.360000	-0.113447
32.370000	2.364558
32.380000	-4.110706
32.390000	-4.946051
32.400000	1.368433
32.410000	1.317557
32.420000	5.575251
32.430000	1.686129
32.440000	2.825439
32.450000	0.295741
32.460000	-4.192893
32.470000	-2.808644
32.480000	0.341148
32.490000	-0.115632
32.500000	-0.936034
32.510000	-4.455553
32.520000	1.208167
32.530000	-0.668612
32.540000	0.233400
32.550000	2.211470
32.560000	1.456433
32.570000	-0.263424
32.580000	-2.653109
32.590000	-0.028553
32.600000	1.383323
32.610000	1.276615
32.620000	-3.769822
32.630000	0.156330
32.640000	-2.073784
32.650000	-2.157032
32.660000	1.366111
32.670000	2.203952
32.680000	0.651697
32.690000	3.627321
32.700000	-1.234087
32.710000	0.572422
32.720000	-1.634504
32.730000	1.150169
32.740000	4.596405
32.750000	1.191760
32.760000	3.579945
32.770000	-7.896978
32.780000	-8.870451
32.790000	-4.255919
32.800000	-1.600572
32.810000	-2.027531
32.820000	2.462068
32.830000	1.192865
32.840000	5.798151
32.850000	4.367659
32.860000	2.112524
32.870000	4.023290
32.880000	6.441765
32.890000	5.232778
32.900000	-4.689199
32.910000	-2.826838
32.920000	-12.755830
32.930000	-4.677988
32.940000	3.208195
32.950000	-4.406295
32.960000	4.515851
32.970000	0.458664
32.980000	4.580204
32.990000	5.047817
33.000000	3.354888
33.010000	5.439995
33.020000	-2.968208
33.030000	3.199447
33.040000	1.885088
33.050000	-6.043348
33.060000	0.438711
33.070000	4.957522
33.080000	-6.399864
33.090000	-3.875377
33.100000	-12.025475
33.110000	-5.067382
33.120000	-4.076988
33.130000	-4.633461
33.140000	3.536351
33.150000	-4.966599
33.160000	2.041174
33.170000	-0.514132
33.180000	-0.399521
33.190000	5.125295
33.200000	-0.813733
33.210000	-3.198579
33.220000	2.137165
33.230000	9.148831
33.240000	4.289923
33.250000	6.076393
33.260000	2.645787
33.270000	2.699161
33.280000	0.439556
33.290000	0.741492
33.300000	1.861551
33.310000	0.907984
33.320000	1.266619
33.330000	-0.440921
33.340000	-4.459912
33.350000	0.447138
33.360000	-3.569251
33.370000	-1.855985
33.380000	-5.007493
33.390000	2.701790
33.400000	0.287031
33.410000	3.509740
33.420000	-5.307169
33.430000	2.952115
33.440000	-4.447789
33.450000	0.878563
33.460000	0.701756
33.470000	-3.938404
33.480000	3.479829
33.490000	-5.350121
33.500000	1.562553
33.510000	2.393734
33.520000	7.417778
33.530000	-3.349753
33.540000	-2.678511
33.550000	-4.066333
33.560000	-5.699845
33.570000	-4.829728
33.580000	3.148573
33.590000	7.939346
33.600000	-0.327385
33.610000	2.851024
33.620000	-0.659027
33.630000	-1.052014
33.640000	1.610369
33.650000	-0.855579
33.660000	-3.544644
33.670000	3.906395
33.680000	0.706178
33.690000	-2.332229
33.700000	0.462743
33.710000	-0.055963
33.720000	8.320931
33.730000	2.651872
33.740000	8.741847
33.750000	2.397618
33.760000	4.332408
33.770000	0.369184
33.780000	-0.259291
33.790000	-3.001452
33.800000	3.795648
33.810000	1.394268
33.820000	6.579998
33.830000	3.665640
33.840000	-5.760877
33.850000	-5.125045
33.860000	-6.058319
33.870000	-9.792590
33.880000	-9.211921
33.890000	-7.399792
33.900000	-3.545434
33.910000	-2.798082
33.920000	-6.643648
33.930000	-7.722645
33.940000	-0.066061
33.950000	0.996856
33.960000	1.257996
33.970000	-0.918961
33.980000	5.509756
33.990000	5.498929
34.000000	4.135830
34.010000	9.199375
34.020000	1.000080
34.030000	1.021969
34.040000	6.383905
34.050000	0.887441
34.060000	3.113422
34.070000	0.075386
34.080000	-1.190116
34.090000	-0.125041
34.100000	-1.799509
34.110000	-1.944956
34.120000	0.130603
34.130000	4.305952
34.140000	-1.611467
34.150000	0.232320
34.160000	-4.210765
34.170000	-8.327655
34.180000	3.315463
34.190000	2.031260
34.200000	-0.209456
34.210000	-5.163582
34.220000	4.408007
34.230000	0.942427
34.240000	-0.275726
34.250000	-0.092968
34.260000	-5.078922
34.270000	1.378940
34.280000	2.558867
34.290000	-1.220332
34.300000	-4.638623
34.310000	-2.638518
34.320000	-1.107866
34.330000	1.622732
34.340000	-4.632195
34.350000	-0.886803
34.360000	-1.471523
34.370000	4.904976
34.380000	5.468852
34.390000	-4.600026
34.400000	5.538979
34.410000	3.363394
34.420000	-4.726290
34.430000	3.293111
34.440000	-1.120161
34.450000	3.882073
34.460000	-4.386369
34.470000	-3.076327
34.480000	4.785168
34.490000	2.931941
34.500000	-2.190812
34.510000	-2.855239
34.520000	3.432933
34.530000	7.465855
34.540000	-1.845171
34.550000	3.623114
34.560000	3.777254
34.570000	-0.209355
34.580000	-1.415860
34.590000	1.759853
34.600000	-1.543752
34.610000	-2.057273
34.620000	6.384636
34.630000	4.834580
34.640000	3.898318
34.650000	3.045143
34.660000	-2.447093
34.670000	2.962938
34.680000	-0.595553
34.690000	1.729940
34.700000	1.104120
34.710000	-4.272770
34.720000	-1.096513
34.730000	3.458983
34.740000	-0.193316
34.750000	2.113651
34.760000	4.537132
34.770000	0.212263
34.780000	5.870848
34.790000	-0.623931
34.800000	-2.198230
34.810000	-2.700014
34.820000	-3.766094
34.830000	-0.569487
34.840000	-4.654640
34.850000	-8.321088
34.860000	1.797066
34.870000	-0.918983
34.880000	-13.479055
34.890000	-15.433533
34.900000	-13.551491
34.910000	-21.588348
34.920000	-1.414870
34.930000	-11.744298
34.940000	-14.351001
34.950000	-9.072385
34.960000	2.768833
34.970000	6.833915
34.980000	6.226028
34.990000	4.353525
35.000000	5.560214
35.010000	1.405834
35.020000	-0.431872
35.030000	-3.304670
35.040000	9.654824
35.050000	7.978651
35.060000	7.374972
35.070000	8.268112
35.080000	11.172704
35.090000	8.790989
35.100000	10.041582
35.110000	6.964188
35.120000	7.235427
35.130000	9.254734
35.140000	-0.440100
35.150000	-0.267129
35.160000	-3.201054
35.170000	-5.374779
35.180000	1.528627
35.190000	1.602580
35.200000	0.667321
35.210000	-0.098192
35.220000	4.943102
35.230000	1.544855
35.240000	-2.568369
35.250000	6.369918
35.260000	1.558993
35.270000	-3.443140
35.280000	1.950873
35.290000	-0.291026
35.300000	1.014001
35.310000	-6.781283
35.320000	-4.036278
35.330000	-3.825678
35.340000	-8.668723
35.350000	-5.007160
35.360000	-7.727671
35.370000	-6.483081
35.380000	-8.336649
35.390000	-7.249036
35.400000	-7.443076
35.410000	2.700323
35.420000	1.519909
35.430000	3.916147
35.440000	-3.172649
35.450000	11.233220
35.460000	4.384815
35.470000	-5.891566
35.480000	-2.197355
35.490000	3.485952
35.500000	2.943450
35.510000	2.683100
35.520000	13.159426
35.530000	1.892609
35.540000	3.001610
35.550000	5.259047
35.560000	3.014004
35.570000	2.953780
35.580000	0.906482
35.590000	2.212801
35.600000	0.854150
35.610000	-1.994064
35.620000	1.514141
35.630000	-1.767313
35.640000	4.221468
35.650000	0.839436
35.660000	-1.119867
35.670000	-3.301845
35.680000	-3.814055
35.690000	2.009838
35.700000	-0.421795
35.710000	-0.248595
35.720000	-2.545810
35.730000	-4.898343
35.740000	-6.331865
35.750000	-5.620742
35.760000	-3.893438
35.770000	2.935722
35.780000	-2.999342
35.790000	0.639025
35.800000	1.802602
35.810000	-5.231538
35.820000	-2.160468
35.830000	-4.779589
35.840000	1.282014
35.850000	-3.506187
35.860000	-2.014234
35.870000	0.324205
35.880000	4.538374
35.890000	6.466296
35.900000	5.290070
35.910000	2.226819
35.920000	2.515327
35.930000	0.309861
35.940000	-1.014408
35.950000	1.559949
35.960000	-1.947653
35.970000	-2.131623
35.980000	0.025094
35.990000	1.329545
36.000000	-1.326242
36.010000	1.107919
36.020000	1.300362
36.030000	4.561090
36.040000	-3.134195
36.050000	-1.934047
36.060000	-2.921823
36.070000	5.314552
36.080000	-2.100694
36.090000	-1.470911
36.100000	-1.805096
36.110000	-3.635651
36.120000	0.212324
36.130000	1.496029
36.140000	1.458228
36.150000	0.031981
36.160000	1.966691
36.170000	2.118353
36.180000	-0.305798
36.190000	-2.247825
36.200000	-8.468490
36.210000	3.760727
36.220000	0.342363
36.230000	6.084926
36.240000	-1.327072
36.250000	3.050907
36.260000	0.871869
36.270000	3.762683
36.280000	-5.780691
36.290000	-0.289146
36.300000	-1.751434
36.310000	-8.294823
36.320000	-2.189707
36.330000	3.224680
36.340000	4.193059
36.350000	-1.574416
36.360000	-2.180065
36.370000	-4.959630
36.380000	4.430885
36.390000	9.028872
36.400000	2.771162
36.410000	-3.993233
36.420000	-2.187322
36.430000	-7.663632
36.440000	-6.952963
36.450000	5.885464
36.460000	5.437326
36.470000	6.245616
36.480000	11.705819
36.490000	-2.542284
36.500000	1.880034
36.510000	3.434303
36.520000	3.035453
36.530000	3.012797
36.540000	1.888735
36.550000	-2.382549
36.560000	-3.832187
36.570000	-3.346073
36.580000	-7.050142
36.590000	5.595142
36.600000	3.485371
36.610000	5.609619
36.620000	2.628074
36.630000	2.880402
36.640000	5.533070
36.650000	8.434547
36.660000	0.875167
36.670000	-0.819791
36.680000	1.047844
36.690000	-3.920556
36.700000	-4.105995
36.710000	-2.993766
36.720000	-4.034758
36.730000	-7.052746
36.740000	-4.701115
36.750000	-2.970226
36.760000	-7.752160
36.770000	-4.964745
36.780000	-5.153215
36.790000	-8.513182
36.800000	-4.923023
36.810000	-1.057416
36.820000	-4.018384
36.830000	-11.626286
36.840000	1.558364
36.850000	-6.500138
36.860000	-2.337622
36.870000	-0.331221
36.880000	-2.360479
36.890000	-1.895273
36.900000	-1.833375
36.910000	2.334895
36.920000	-0.655934
36.930000	3.171510
36.940000	4.825142
36.950000	-1.526998
36.960000	-0.268286
36.970000	13.168719
36.980000	1.812244
36.990000	2.273529
37.000000	4.496382
37.010000	8.339745
37.020000	7.982360
37.030000	-4.286146
37.040000	0.836014
37.050000	5.467549
37.060000	5.598270
37.070000	4.445789
37.080000	3.335658
37.090000	4.938505
37.100000	-6.027389
37.110000	0.390068
37.120000	3.740738
37.130000	2.602422
37.140000	-0.974418
37.150000	0.345738
37.160000	5.416502
37.170000	1.245732
37.180000	5.299555
37.190000	7.742393
37.200000	1.530115
37.210000	-2.668784
37.220000	-2.955950
37.230000	-3.118573
37.240000	1.862274
37.250000	1.080414
37.260000	1.075630
37.270000	-2.574672
37.280000	-2.238401
37.290000	1.165652
37.300000	-9.533373
37.310000	-14.137159
37.320000	-0.139610
37.330000	-1.928650
37.340000	0.360704
37.350000	-8.592321
37.360000	-15.860814
37.370000	-7.616548
37.380000	-10.592931
37.390000	-10.762111
37.400000	0.148280
37.410000	2.414458
37.420000	9.651563
37.430000	10.194750
37.440000	12.182907
37.450000	3.842385
37.460000	0.708986
37.470000	6.730447
37.480000	10.389147
37.490000	10.187199
37.500000	-0.136215
37.510000	0.156887
37.520000	1.680982
37.530000	-3.961442
37.540000	8.732355
37.550000	3.231505
37.560000	2.776170
37.570000	2.524053
37.580000	6.181114
37.590000	-5.304775
37.600000	-0.879206
37.610000	-3.075304
37.620000	3.948887
37.630000	-11.057179
37.640000	3.447562
37.650000	0.085300
37.660000	1.051660
37.670000	-12.801911
37.680000	-9.478471
37.690000	1.976382
37.700000	-1.818398
37.710000	1.171304
37.720000	1.216759
37.730000	-4.487242
37.740000	-5.858231
37.750000	-4.766803
37.760000	-5.643119
37.770000	-7.199575
37.780000	-6.686556
37.790000	-5.924478
37.800000	-3.134681
37.810000	-2.209658
37.820000	0.098626
37.830000	8.520896
37.840000	4.323143
37.850000	2.855274
37.860000	2.166290
37.870000	3.265001
37.880000	-1.449472
37.890000	5.762567
37.900000	3.438390
37.910000	3.280466
37.920000	1.406710
37.930000	7.043945
37.940000	-0.949678
37.950000	-4.963526
37.960000	3.293359
37.970000	-3.968337
37.980000	-2.902857
37.990000	-5.810876
38.000000	-0.498307
38.010000	8.018909
38.020000	0.140246
38.030000	4.559511
38.040000	3.820193
38.050000	2.130821
38.060000	-2.172765
38.070000	-2.387025
38.080000	-0.127055
38.090000	1.172056
38.100000	0.488298
38.110000	6.702664
38.120000	8.238215
38.130000	10.461312
38.140000	2.330088
38.150000	6.682810
38.160000	2.182570
38.170000	-6.896177
38.180000	-4.290742
38.190000	-5.374506
38.200000	-8.435776
38.210000	-4.660563
38.220000	-6.706623
38.230000	1.230906
38.240000	-0.906931
38.250000	-3.994862
38.260000	-8.696916
38.270000	1.197239
38.280000	-6.465688
38.290000	4.891930
38.300000	4.228014
38.310000	-2.084083
38.320000	4.430756
38.330000	4.143159
38.340000	-0.279911
38.350000	3.703912
38.360000	-0.822869
38.370000	-1.710345
38.380000	-1.696210
38.390000	0.013888
38.400000	0.384058
38.410000	0.614889
38.420000	3.195166
38.430000	3.697892
38.440000	1.818042
38.450000	1.101988
38.460000	-4.904955
38.470000	1.189432
38.480000	1.289975
38.490000	2.424487
38.500000	0.404962
38.510000	4.005556
38.520000	3.029307
38.530000	-0.648892
38.540000	2.698838
38.550000	-5.749711
38.560000	2.073009
38.570000	0.499119
38.580000	1.430945
38.590000	0.548980
38.600000	-3.227832
38.610000	0.669643
38.620000	3.857859
38.630000	-2.881241
38.640000	-6.341413
38.650000	3.277318
38.660000	3.134979
38.670000	-4.195593
38.680000	-1.409370
38.690000	-9.116863
38.700000	-8.390648
38.710000	1.258977
38.720000	1.229510
38.730000	0.183845
38.740000	0.542096
38.750000	-3.691394
38.760000	1.373415
38.770000	-3.156124
38.780000	-4.817946
38.790000	-3.255918
38.800000	0.694050
38.810000	2.249844
38.820000	-3.022319
38.830000	-13.075063
38.840000	-7.616294
38.850000	-8.732866
38.860000	2.276326
38.870000	-0.077115
38.880000	-6.234924
38.890000	-1.392954
38.900000	8.163042
38.910000	3.127447
38.920000	-8.987581
38.930000	-0.656365
38.940000	12.392723
38.950000	8.263888
38.960000	4.926935
38.970000	9.877484
38.980000	7.845661
38.990000	6.219785
39.000000	5.766313
39.010000	9.223531
39.020000	4.806638
39.030000	4.019266
39.040000	5.895610
39.050000	5.613721
39.060000	0.917010
39.070000	6.584872
39.080000	5.118741
39.090000	1.824302
39.100000	2.326675
39.110000	0.079165
39.120000	-2.594101
39.130000	-0.411619
39.140000	-7.216673
39.150000	-2.841531
39.160000	-5.675593
39.170000	-4.204528
39.180000	-1.940850
39.190000	-11.067462
39.200000	-6.253673
39.210000	-9.323106
39.220000	-5.793778
39.230000	-2.425668
39.240000	-4.362068
39.250000	-3.534199
39.260000	-1.221252
39.270000	-3.218459
39.280000	-2.973984
39.290000	0.253403
39.300000	2.536324
39.310000	3.720702
39.320000	-1.054548
39.330000	-1.076111
39.340000	3.612607
39.350000	0.167943
39.360000	3.087727
39.370000	3.556046
39.380000	5.425173
39.390000	9.227025
39.400000	6.404550
39.410000	2.195969
39.420000	-3.290003
39.430000	3.082814
39.440000	-6.895269
39.450000	-4.204865
39.460000	4.644659
39.470000	1.491140
39.480000	-0.670744
39.490000	1.953383
39.500000	0.855137
39.510000	-3.940385
39.520000	-1.882824
39.530000	-2.907656
39.540000	1.235765
39.550000	-4.332152
39.560000	7.740183
39.570000	-3.097317
39.580000	-0.250794
39.590000	-3.959727
39.600000	-2.349633
39.610000	1.422866
39.620000	-0.591674
39.630000	-0.277903
39.640000	4.564193
39.650000	-1.853901
39.660000	-2.629433
39.670000	-3.051466
39.680000	-6.382694
39.690000	-0.549538
39.700000	0.882475
39.710000	3.042626
39.720000	-1.220741
39.730000	-3.833073
39.740000	8.417615
39.750000	-0.892681
39.760000	0.603711
39.770000	6.060522
39.780000	-1.389450
39.790000	-0.875517
39.800000	-2.965650
39.810000	2.958147
39.820000	-2.953363
39.830000	-1.875625
39.840000	-0.158923
39.850000	0.567022
39.860000	2.620591
39.870000	-4.688538
39.880000	0.199661
39.890000	5.120768
39.900000	2.946620
39.910000	0.054770
39.920000	-0.141277
39.930000	0.056895
39.940000	0.809995
39.950000	0.938214
39.960000	1.159666
39.970000	-1.970579
39.980000	0.221168
39.990000	1.701534
40.000000	4.610487
40.010000	2.657138
40.020000	0.419686
40.030000	1.808652
40.040000	7.107670
40.050000	0.864436
40.060000	0.922054
40.070000	-2.608127
40.080000	-0.006451
40.090000	0.377054
40.100000	-1.871808
40.110000	3.075221
40.120000	6.333212
40.130000	7.805058
40.140000	2.224180
40.150000	-4.447747
40.160000	-2.286133
40.170000	-2.222529
40.180000	-4.580727
40.190000	-11.108822
40.200000	-4.979182
40.210000	2.639420
40.220000	1.190536
40.230000	-3.232739
40.240000	5.539987
40.250000	-4.043502
40.260000	-1.420247
40.270000	-2.970564
40.280000	-3.552461
40.290000	-0.951420
40.300000	-4.000705
40.310000	-0.097294
40.320000	-1.988551
40.330000	-6.221997
40.340000	1.615978
40.350000	-4.758810
40.360000	-6.135610
40.370000	-0.882575
40.380000	-2.607045
40.390000	-6.472613
40.400000	-4.400282
40.410000	-3.648293
40.420000	-7.320001
40.430000	-3.828876
40.440000	-5.371493
40.450000	-10.856282
40.460000	-9.032239
40.470000	2.762045
40.480000	0.832183
40.490000	0.918787
40.500000	0.387774
40.510000	-3.034644
40.520000	6.745530
40.530000	5.070041
40.540000	-1.608694
40.550000	11.211104
40.560000	7.620842
40.570000	8.077511
40.580000	10.523535
40.590000	12.210693
40.600000	9.059023
40.610000	12.106254
40.620000	14.487176
40.630000	16.708636
40.640000	12.671430
40.650000	11.374717
40.660000	14.553672
40.670000	10.793226
40.680000	6.895881
40.690000	1.373021
40.700000	4.088625
40.710000	0.831918
40.720000	-2.435528
40.730000	-5.264528
40.740000	-6.273842
40.750000	-6.094962
40.760000	1.629230
40.770000	-7.562743
40.780000	-9.790262
40.790000	-0.385161
40.800000	-4.104090
40.810000	-5.102737
40.820000	-4.156429
40.830000	-4.696979
40.840000	-9.728791
40.850000	-5.394161
40.860000	-5.221139
40.870000	-3.603657
40.880000	-6.230989
40.890000	-6.698352
40.900000	-10.222947
40.910000	-6.730196
40.920000	-6.012257
40.930000	-7.630213
40.940000	-3.492816
40.950000	-6.117012
40.960000	-1.637973
40.970000	-0.977807
40.980000	-4.664182
40.990000	-8.727372
41.000000	-6.446907
41.010000	-3.352355
41.020000	-3.774841
41.030000	1.440586
41.040000	-2.503843
41.050000	-4.502533
41.060000	0.334759
41.070000	-4.752389
41.080000	-4.884267
41.090000	-5.543560
41.100000	-3.645165
41.110000	-8.571107
41.120000	1.835727
41.130000	6.538870
41.140000	10.889039
41.150000	10.025788
41.160000	9.186517
41.170000	10.566467
41.180000	7.302758
41.190000	9.889979
41.200000	11.431568
41.210000	8.727091
41.220000	8.104587
41.230000	8.536721
41.240000	8.158578
41.250000	13.602860
41.260000	8.117964
41.270000	8.512958
41.280000	6.916746
41.290000	-3.638804
41.300000	0.544494
41.310000	1.609104
41.320000	-2.645713
41.330000	2.671832
41.340000	-0.901567
41.350000	-1.673401
41.360000	-0.845406
41.370000	-8.428922
41.380000	-1.231866
41.390000	-2.014961
41.400000	-0.805770
41.410000	-2.633546
41.420000	-5.893180
41.430000	-3.519505
41.440000	-2.650321
41.450000	-3.444855
41.460000	1.354393
41.470000	-5.295144
41.480000	-4.568831
41.490000	-5.203630
41.500000	-3.571611
41.510000	-2.612879
41.520000	-9.961143
41.530000	-5.558940
41.540000	-7.399393
41.550000	-1.754643
41.560000	-6.118071
41.570000	-1.671028
41.580000	-3.501885
41.590000	-0.033291
41.600000	-2.942181
41.610000	3.713837
41.620000	9.434046
41.630000	1.264300
41.640000	2.174190
41.650000	8.148879
41.660000	-0.859297
41.670000	7.624174
41.680000	5.903825
41.690000	2.664644
41.700000	3.128299
41.710000	3.076372
41.720000	3.572632
41.730000	1.851345
41.740000	-0.390969
41.750000	4.400895
41.760000	5.179804
41.770000	0.896129
41.780000	3.710746
41.790000	-8.102161
41.800000	-8.693140
41.810000	-8.308495
41.820000	-14.675299
41.830000	-7.064240
41.840000	-5.266379
41.850000	-4.920450
41.860000	-12.354481
41.870000	2.768200
41.880000	3.694689
41.890000	1.499007
41.900000	10.031681
41.910000	2.552016
41.920000	6.476371
41.930000	-1.202094
41.940000	6.232677
41.950000	8.895569
41.960000	6.122909
41.970000	10.679445
41.980000	5.511520
41.990000	12.729639
42.000000	11.714971
42.010000	5.386132
42.020000	3.891298
42.030000	-1.211271
42.040000	4.192033
42.050000	-4.213899
42.060000	-9.288126
42.070000	-6.246700
42.080000	-1.455693
42.090000	-8.238837
42.100000	-0.765694
42.110000	-4.620855
42.120000	-7.998054
42.130000	-3.005990
42.140000	-4.864220
42.150000	-5.871874
42.160000	-1.815880
42.170000	-2.383701
42.180000	-6.605669
42.190000	-9.536393
42.200000	-4.463836
42.210000	-5.004202
42.220000	1.186111
42.230000	-1.669292
42.240000	6.913613
42.250000	3.531779
42.260000	-2.450116
42.270000	0.229614
42.280000	3.133982
42.290000	4.556559
42.300000	-7.019674
42.310000	-2.725648
42.320000	-0.876136
42.330000	2.899621
42.340000	0.458672
42.350000	2.077930
42.360000	5.731785
42.370000	0.419010
42.380000	-2.315695
42.390000	5.359452
42.400000	9.588715
42.410000	0.099964
42.420000	7.935371
42.430000	3.223003
42.440000	9.916204
42.450000	3.500377
42.460000	0.172688
42.470000	-2.882174
42.480000	-6.765190
42.490000	0.069372
42.500000	0.111250
42.510000	4.144569
42.520000	-0.924596
42.530000	1.971505
42.540000	-2.035642
42.550000	-2.453279
42.560000	-5.240004
42.570000	-5.244738
42.580000	-4.008408
42.590000	-9.019413
42.600000	-1.659521
42.610000	-5.954258
42.620000	1.418330
42.630000	0.649098
42.640000	6.541972
42.650000	4.826669
42.660000	-0.970568
42.670000	-8.118068
42.680000	9.340341
42.690000	6.864286
42.700000	2.139373
42.710000	5.472104
42.720000	1.297434
42.730000	-6.060819
42.740000	0.363999
42.750000	-4.410126
42.760000	-1.961482
42.770000	-1.913052
42.780000	-2.535974
42.790000	2.902510
42.800000	-2.463106
42.810000	6.466086
42.820000	0.302441
42.830000	-0.489155
42.840000	1.440169
42.850000	3.077461
42.860000	3.658476
42.870000	-0.250185
42.880000	10.813920
42.890000	4.110835
42.900000	-6.828443
42.910000	-9.161277
42.920000	-2.600418
42.930000	-3.925432
42.940000	-14.223195
42.950000	-9.878691
42.960000	-9.726939
42.970000	-6.562098
42.980000	1.717174
42.990000	-5.106628
43.000000	-4.741166
43.010000	-3.502359
43.020000	-1.592517
43.030000	-3.867780
43.040000	10.604762
43.050000	13.902582
43.060000	9.057168
43.070000	5.583027
43.080000	6.605988
43.090000	4.441296
43.100000	7.246021
43.110000	5.709004
43.120000	5.144625
43.130000	4.375657
43.140000	3.413741
43.150000	2.078354
43.160000	-3.137007
43.170000	2.258897
43.180000	0.969627
43.190000	1.803879
43.200000	-4.081325
43.210000	0.213298
43.220000	-7.023385
43.230000	-7.996652
43.240000	-5.363396
43.250000	-4.843003
43.260000	-6.601285
43.270000	-10.920303
43.280000	-8.336989
43.290000	-0.057049
43.300000	-0.530088
43.310000	-0.148601
43.320000	-1.388125
43.330000	-2.442780
43.340000	6.014019
43.350000	5.908985
43.360000	7.312149
43.370000	7.345395
43.380000	6.812188
43.390000	9.300357
43.400000	9.124066
43.410000	1.247833
43.420000	-1.746501
43.430000	7.094693
43.440000	-5.170070
43.450000	-3.130441
43.460000	0.315827
43.470000	-5.172550
43.480000	-1.887959
43.490000	-2.300548
43.500000	-3.644725
43.510000	-6.145247
43.520000	-3.321007
43.530000	-6.242972
43.540000	-6.876503
43.550000	-4.021613
43.560000	2.630496
43.570000	8.947571
43.580000	10.088491
43.590000	10.242662
43.600000	6.838865
43.610000	5.358635
43.620000	5.873632
43.630000	4.942856
43.640000	7.715053
43.650000	-2.295817
43.660000	-8.926483
43.670000	-6.762919
43.680000	-7.033849
43.690000	-8.856850
43.700000	-5.380654
43.710000	6.571909
43.720000	2.642323
43.730000	-0.184654
43.740000	0.383145
43.750000	5.895292
43.760000	2.640525
43.770000	1.676390
43.780000	0.287340
43.790000	-3.242929
43.800000	2.155342
43.810000	-4.100373
43.820000	-7.079768
43.830000	-13.812554
43.840000	-10.318736
43.850000	-11.244712
43.860000	-10.906841
43.870000	4.086430
43.880000	4.645515
43.890000	9.383740
43.900000	6.725538
43.910000	-6.348232
43.920000	-6.799787
43.930000	-4.044460
43.940000	-4.989877
43.950000	-5.350653
43.960000	-3.054072
43.970000	-0.881575
43.980000	-2.056169
43.990000	1.527689
44.000000	0.946246
44.010000	11.592299
44.020000	7.748610
44.030000	7.799979
44.040000	10.016279
44.050000	1.349208
44.060000	-0.979952
44.070000	-1.086170
44.080000	0.702553
44.090000	5.465944
44.100000	0.001154
44.110000	-2.356809
44.120000	0.110574
44.130000	5.889299
44.140000	8.475144
44.150000	10.457044
44.160000	8.839335
44.170000	0.520013
44.180000	0.843866
44.190000	1.044378
44.200000	-3.237155
44.210000	-0.775142
44.220000	0.481732
44.230000	-1.684482
44.240000	-3.211838
44.250000	-4.655045
44.260000	-1.585870
44.270000	-1.085284
44.280000	-3.409969
44.290000	1.350312
44.300000	1.111191
44.310000	-0.459851
44.320000	-5.208853
44.330000	-2.607579
44.340000	0.123979
44.350000	-2.392110
44.360000	0.929896
44.370000	-5.804962
44.380000	-8.704717
44.390000	-4.512664
44.400000	-9.884790
44.410000	1.996822
44.420000	-2.569824
44.430000	1.999568
44.440000	6.356715
44.450000	-0.904154
44.460000	-0.272067
44.470000	-0.159247
44.480000	1.539678
44.490000	9.036882
44.500000	4.663466
44.510000	3.812159
44.520000	-1.520673
44.530000	-1.088689
44.540000	0.065793
44.550000	0.236494
44.560000	1.610028
44.570000	0.999957
44.580000	-0.755239
44.590000	-0.476593
44.600000	-4.133761
44.610000	-9.869166
44.620000	-4.945447
44.630000	2.494416
44.640000	-6.522960
44.650000	-2.855595
44.660000	-2.313648
44.670000	1.108015
44.680000	5.325496
44.690000	7.409627
44.700000	7.594537
44.710000	4.297755
44.720000	4.302451
44.730000	5.559896
44.740000	5.379046
44.750000	3.549760
44.760000	-6.301424
44.770000	-1.159442
44.780000	-9.521447
44.790000	-6.395643
44.800000	1.041472
44.810000	-1.229882
44.820000	-3.555244
44.830000	4.558247
44.840000	6.903276
44.850000	-0.120052
44.860000	-0.807332
44.870000	1.981610
44.880000	-0.493502
44.890000	-0.590208
44.900000	1.291531
44.910000	4.607558
44.920000	1.697241
44.930000	8.014214
44.940000	3.558145
44.950000	-5.320083
44.960000	-3.244041
44.970000	-3.031224
44.980000	-6.006735
44.990000	9.342664
45.000000	-2.811023
45.010000	-0.569941
45.020000	-4.955310
45.030000	-2.145681
45.040000	-5.026460
45.050000	-4.437397
45.060000	2.558039
45.070000	1.085244
45.080000	-7.802727
45.090000	-2.493415
45.100000	-0.148962
45.110000	-2.602245
45.120000	0.456478
45.130000	3.912021
45.140000	-0.447518
45.150000	2.092487
45.160000	4.990882
45.170000	-1.310123
45.180000	2.301368
45.190000	-4.049569
45.200000	4.410822
45.210000	4.597833
45.220000	8.394195
45.230000	-2.754120
45.240000	3.072568
45.250000	-4.574365
45.260000	-8.109390
45.270000	3.963869
45.280000	4.736637
45.290000	-8.078438
45.300000	-2.597613
45.310000	-3.372544
45.320000	-2.745501
45.330000	-0.654643
45.340000	-6.026049
45.350000	-4.130979
45.360000	-2.274967
45.370000	2.399506
45.380000	6.407768
45.390000	4.103147
45.400000	5.485014
45.410000	6.351790
45.420000	8.415275
45.430000	2.241631
45.440000	-0.781245
45.450000	0.648294
45.460000	-3.055075
45.470000	-0.295854
45.480000	2.882892
45.490000	-2.536144
45.500000	-1.770192
45.510000	-1.041980
45.520000	1.422913
45.530000	5.019575
45.540000	4.522375
45.550000	-1.290428
45.560000	0.506573
45.570000	0.545871
45.580000	-0.226099
45.590000	-1.389500
45.600000	1.812248
45.610000	-0.774324
45.620000	-2.380810
45.630000	-3.696153
45.640000	-2.432656
45.650000	-2.713224
45.660000	-2.082227
45.670000	3.120564
45.680000	-4.517797
45.690000	-1.328151
45.700000	-4.279549
45.710000	5.434269
45.720000	-0.320048
45.730000	-3.193223
45.740000	-4.127617
45.750000	0.763374
45.760000	-1.264393
45.770000	0.020680
45.780000	-0.139861
45.790000	0.342358
45.800000	-1.006393
45.810000	-8.088622
45.820000	-9.877390
45.830000	-4.195354
45.840000	-5.472940
45.850000	-0.808006
45.860000	5.573800
45.870000	4.114015
45.880000	-1.521389
45.890000	0.676775
45.900000	11.555179
45.910000	1.833083
45.920000	-0.946302
45.930000	-0.498365
45.940000	1.966107
45.950000	-1.573906
45.960000	-1.954781
45.970000	0.599038
45.980000	1.985229
45.990000	-0.036913
46.000000	9.319588
46.010000	10.142336
46.020000	-3.265799
46.030000	-1.224579
46.040000	5.738750
46.050000	3.263267
46.060000	1.976885
46.070000	-0.828965
46.080000	1.814834
46.090000	5.640157
46.100000	-0.740756
46.110000	-2.262303
46.120000	-4.411537
46.130000	4.016236
46.140000	2.068511
46.150000	-1.369318
46.160000	-0.698983
46.170000	4.306451
46.180000	-1.955295
46.190000	6.874282
46.200000	-0.066293
46.210000	2.919032
46.220000	4.622375
46.230000	-0.086866
46.240000	3.695351
46.250000	2.277194
46.260000	-2.990832
46.270000	-5.074933
46.280000	-5.212754
46.290000	2.771802
46.300000	-8.573621
46.310000	-3.689831
46.320000	-4.440109
46.330000	-3.695519
46.340000	0.891912
46.350000	-2.367072
46.360000	-4.693168
46.370000	-5.492984
46.380000	-11.197049
46.390000	-8.116064
46.400000	-2.321131
46.410000	-8.479963
46.420000	-1.696781
46.430000	-0.778486
46.440000	3.728552
46.450000	4.025653
46.460000	3.903433
46.470000	7.495782
46.480000	1.363631
46.490000	-4.772901
46.500000	-4.357688
46.510000	-3.600069
46.520000	-1.189362
46.530000	-2.033628
46.540000	2.964749
46.550000	-3.229385
46.560000	4.543392
46.570000	1.718653
46.580000	-1.146953
46.590000	-1.425478
46.600000	-2.743205
46.610000	-1.021944
46.620000	10.257192
46.630000	3.254807
46.640000	3.398782
46.650000	9.186918
46.660000	0.230443
46.670000	1.377141
46.680000	2.193672
46.690000	3.218837
46.700000	5.080040
46.710000	10.388901
46.720000	3.521463
46.730000	8.069486
46.740000	-1.368936
46.750000	2.157235
46.760000	1.634975
46.770000	-4.694809
46.780000	7.057758
46.790000	3.434466
46.800000	3.555129
46.810000	5.638648
46.820000	8.319741
46.830000	-1.440279
46.840000	-1.949200
46.850000	-3.363945
46.860000	-2.391215
46.870000	-0.472752
46.880000	-0.343946
46.890000	-11.787389
46.900000	-1.310171
46.910000	-3.996115
46.920000	-4.705222
46.930000	-8.174610
46.940000	-5.736809
46.950000	1.151236
46.960000	-2.927125
46.970000	-1.457387
46.980000	-8.889542
46.990000	3.097264
47.000000	-4.451216
47.010000	-5.212649
47.020000	-2.801997
47.030000	-10.023140
47.040000	-1.323519
47.050000	-7.995359
47.060000	-3.704916
47.070000	-5.497423
47.080000	3.876295
47.090000	2.858774
47.100000	2.110581
47.110000	2.355079
47.120000	-5.922672
47.130000	0.026152
47.140000	-1.565233
47.150000	4.997082
47.160000	-4.452953
47.170000	-2.486089
47.180000	4.306934
47.190000	6.461505
47.200000	11.138833
47.210000	7.549779
47.220000	-2.864229
47.230000	4.248531
47.240000	5.821362
47.250000	3.392475
47.260000	3.472975
47.270000	5.277380
47.280000	2.976958
47.290000	11.056083
47.300000	8.421088
47.310000	-7.790238
47.320000	-1.358465
47.330000	-8.059931
47.340000	-3.307120
47.350000	2.720283
47.360000	-7.474596
47.370000	-2.472434
47.380000	-2.314562
47.390000	0.248074
47.400000	-2.023382
47.410000	-0.306077
47.420000	0.564740
47.430000	2.082755
47.440000	2.638437
47.450000	7.851641
47.460000	0.114308
47.470000	4.339133
47.480000	7.123205
47.490000	7.764708
47.500000	-5.099525
