0.00	-75.17941205
0.01	-61.61030951
0.02	-65.96400048
0.03	-71.19028155
0.04	-74.63572992
0.05	-73.4983413
0.06	-78.86966109
0.07	-81.03013623
0.08	-79.77909058
0.09	-84.51384847
0.10	-82.0058162
0.11	-77.59697443
0.12	-79.80803633
0.13	-79.94071224
0.14	-81.10806788
0.15	-85.59701816
0.16	-82.53880521
0.17	-79.86262022
0.18	-85.68299116
0.19	-77.69896463
0.20	-77.87856907
0.21	-77.01950382
0.22	-73.6747837
0.23	-84.0567304
0.24	-77.90062213
0.25	-80.97689842
0.26	-75.3476924
0.27	-78.9216446
0.28	-72.59604852
0.29	-78.95194694
0.30	-78.50035731
0.31	-80.16605282
0.32	-86.65956453
0.33	-83.97619861
0.34	-82.02729302
0.35	-77.64681716
0.36	-73.25132122
0.37	-65.40153131
0.38	-83.90731525
0.39	-76.07073446
0.40	-73.38690535
0.41	-73.3310196
0.42	-62.62166563
0.43	-67.20780664
0.44	-57.67213767
0.45	-65.14204995
0.46	-67.77481071
0.47	-64.35397753
0.48	-67.9744479
0.49	-79.25626195
0.50	-73.19990488
0.51	-73.54965344
0.52	-67.23910851
0.53	-73.65598733
0.54	-60.92092686
0.55	-64.82625048
0.56	-55.25035755
0.57	-59.4688511
0.58	-62.03196654
0.59	-65.82490966
0.60	-66.30291037
0.61	-56.52617304
0.62	-54.28938552
0.63	-66.08869288
0.64	-71.0859902
0.65	-69.62365894
0.66	-73.72088815
0.67	-76.3373511
0.68	-69.90569144
0.69	-67.52581788
0.70	-73.34141348
0.71	-60.30065727
0.72	-80.46535707
0.73	-79.92529278
0.74	-60.19808533
0.75	-65.29431859
0.76	-67.41091205
0.77	-73.4045674
0.78	-69.67728728
0.79	-68.7890098
0.80	-70.53184512
0.81	-70.05948279
0.82	-71.29696534
0.83	-67.17731477
0.84	-58.4103891
0.85	-64.45555402
0.86	-77.52545411
0.87	-74.94179183
0.88	-67.44472299
0.89	-67.914288
0.90	-68.51907075
0.91	-72.32558413
0.92	-71.809962
0.93	-66.13392208
0.94	-67.130375
0.95	-69.2077696
0.96	-65.89943499
0.97	-64.31199952
0.98	-68.54959202
0.99	-65.72738169
1.00	-62.9354663
1.01	-65.63234775
1.02	-67.45336998
1.03	-66.87364508
1.04	-62.78999546
1.05	-61.77894933
1.06	-66.85136974
1.07	-57.10402677
1.08	-66.19933007
1.09	-59.68314316
1.10	-67.01108389
1.11	-65.79135421
1.12	-66.42064818
1.13	-63.77539077
1.14	-68.12509584
1.15	-52.7360196
1.16	-67.01595793
1.17	-68.22300502
1.18	-64.57483437
1.19	-66.1986262
1.20	-65.43551912
1.21	-69.95384919
1.22	-68.14825932
1.23	-69.42226769
1.24	-66.51268595
1.25	-62.16348972
1.26	-66.61330306
1.27	-68.22144049
1.28	-65.57279326
1.29	-65.19550478
1.30	-61.89138982
1.31	-62.281625
1.32	-65.40763815
1.33	-65.03172992
1.34	-63.59661616
1.35	-53.25920578
1.36	-58.06771941
1.37	-53.94763098
1.38	-67.57524331
1.39	-59.7106869
1.40	-66.11907194
1.41	-65.58264388
1.42	-63.35682983
1.43	-60.93783963
1.44	-65.71233246
1.45	-66.98217089
1.46	-64.50967256
1.47	-64.86790942
1.48	-66.7135043
1.49	-72.89831788
1.50	-63.08202772
1.51	-68.6910239
1.52	-71.37553513
1.53	-59.49751601
1.54	-57.36988504
1.55	-64.28518332
1.56	-61.56210588
1.57	-69.05280378
1.58	-69.32390989
1.59	-68.43764173
1.60	-65.79516539
1.61	-59.25340081
1.62	-68.07149665
1.63	-63.84650048
1.64	-69.14328418
1.65	-68.22517495
1.66	-68.1022077
1.67	-70.7537794
1.68	-59.91648709
1.69	-73.37812715
1.70	-68.24222801
1.71	-69.17342256
1.72	-71.41673446
1.73	-62.28465177
1.74	-63.2678499
1.75	-66.99603633
1.76	-66.11092471
1.77	-68.02452772
1.78	-63.93000454
1.79	-56.77660636
1.80	-63.55328872
1.81	-68.28572514
1.82	-63.66406238
1.83	-55.46066563
1.84	-50.50941635
1.85	-65.54677988
1.86	-65.04866635
1.87	-66.60337428
1.88	-57.29971056
1.89	-69.43156023
1.90	-64.05988838
1.91	-61.00762189
1.92	-69.07353657
1.93	-52.41915368
1.94	-67.02217782
1.95	-68.52377916
1.96	-63.87119049
1.97	-62.5099761
1.98	-64.30436257
1.99	-65.56070387
2.00	-60.32962333
2.01	-72.27495387
2.02	-65.5631838
2.03	-68.11045698
2.04	-65.84278705
2.05	-70.37233533
2.06	-65.9048597
2.07	-73.06041874
2.08	-67.05527366
2.09	-73.39090966
2.10	-71.60060229
2.11	-71.10235397
2.12	-67.55217615
2.13	-69.47875884
2.14	-63.0949577
2.15	-69.00685612
2.16	-69.92109226
2.17	-77.94316013
2.18	-74.19026362
2.19	-90.7728805
2.20	-74.87964101
2.21	-70.50897156
2.22	-73.8419044
2.23	-63.26196941
2.24	-76.13385923
2.25	-73.94431071
2.26	-72.72634632
2.27	-72.43402605
2.28	-70.0135423
2.29	-66.79957768
2.30	-62.03864794
2.31	-69.09544383
2.32	-63.46336424
2.33	-67.04058031
2.34	-68.95227964
2.35	-67.94263217
2.36	-60.63969861
2.37	-73.37652629
2.38	-67.23649737
2.39	-58.75467663
2.40	-54.57001936
2.41	-63.87599163
2.42	-54.59441922
2.43	-57.21688145
2.44	-53.77232839
2.45	-59.74369168
2.46	-56.47936831
2.47	-49.96298088
2.48	-55.28780784
2.49	-61.12637715
2.50	-56.70050048
2.51	-63.44105593
2.52	-47.72271343
2.53	-58.06363456
2.54	-53.90837524
2.55	-46.86751099
2.56	-55.95479087
2.57	-63.18953561
2.58	-62.13390225
2.59	-63.77080832
2.60	-72.47133413
2.61	-70.68250024
2.62	-68.44166444
2.63	-67.79272108
2.64	-76.02864149
2.65	-62.07574426
2.66	-59.61888982
2.67	-65.78270913
2.68	-56.16619837
2.69	-65.38541181
2.70	-53.60873566
2.71	-58.44544909
2.72	-65.33771343
2.73	-65.32481071
2.74	-63.28022777
2.75	-67.82906286
2.76	-65.3711924
2.77	-66.67581525
2.78	-65.01402964
2.79	-60.36107098
2.80	-57.41214747
2.81	-51.80291611
2.82	-55.87193236
2.83	-60.63877772
2.84	-55.63060206
2.85	-56.64602605
2.86	-58.28814388
2.87	-59.21377701
2.88	-57.32972132
2.89	-66.20364054
2.90	-67.18889388
2.91	-60.29792591
2.92	-47.42582433
2.93	-43.45769766
2.94	-55.38702653
2.95	-59.27958054
2.96	-58.15065249
2.97	-58.42911448
2.98	-56.51896869
2.99	-52.26028227
3.00	-52.94520985
3.01	-61.14535946
3.02	-57.3175478
3.03	-45.94246152
3.04	-49.66746511
3.05	-44.07962476
3.06	-49.55739054
3.07	-52.51472729
3.08	-59.96561138
3.09	-67.76356023
3.10	-55.41184393
3.11	-58.97166013
3.12	-55.80929278
3.13	-64.1593805
3.14	-59.16384847
3.15	-61.04718929
3.16	-57.78213647
3.17	-64.49447036
3.18	-66.89281358
3.19	-62.83253513
3.20	-49.09875335
3.21	-59.54198303
3.22	-65.1323891
3.23	-63.28972801
3.24	-69.02809226
3.25	-61.3877696
3.26	-62.88294312
3.27	-68.28507242
3.28	-66.5312359
3.29	-63.69669359
3.30	-67.95546558
3.31	-63.24300908
3.32	-66.86321702
3.33	-65.97153489
3.34	-64.15999498
3.35	-62.90641109
3.36	-63.53853681
3.37	-64.3605294
3.38	-61.94527151
3.39	-60.62870841
3.40	-65.69998399
3.41	-62.36184656
3.42	-62.94815225
3.43	-55.74584154
3.44	-62.19458365
3.45	-60.1681826
3.46	-69.6323934
3.47	-60.8173738
3.48	-56.42375789
3.49	-59.83662835
3.50	-57.3296575
3.51	-64.45529493
3.52	-51.07248351
3.53	-51.09832218
3.54	-65.59204183
3.55	-66.35901864
3.56	-52.85220937
3.57	-60.63717328
3.58	-52.76354876
3.59	-54.6849271
3.60	-59.00466683
3.61	-52.03449092
3.62	-69.26653274
3.63	-71.668913
3.64	-65.06734226
3.65	-73.66455784
3.66	-71.59279398
3.67	-65.41302462
3.68	-71.47113241
3.69	-73.91943117
3.70	-70.55001793
3.71	-64.65974594
3.72	-64.69049689
3.73	-66.70305975
3.74	-69.4995282
3.75	-66.26956453
3.76	-62.39900167
3.77	-72.80091181
3.78	-73.14206071
3.79	-62.6746446
3.80	-57.15403537
3.81	-73.10362572
3.82	-78.45430043
3.83	-71.21662333
3.84	-73.61142161
3.85	-62.0298695
3.86	-65.38482648
3.87	-65.84943547
3.88	-66.07294527
3.89	-69.72553991
3.90	-73.63619909
3.91	-72.66306836
3.92	-59.37161998
3.93	-55.15049904
3.94	-61.97906214
3.95	-47.63415201
3.96	-50.16669336
3.97	-50.5410956
3.98	-47.84712787
3.99	-62.86806907
4.00	-56.38088289
4.01	-56.55538695
4.02	-53.87754971
4.03	-62.20235516
4.04	-59.66045746
4.05	-56.82338599
4.06	-59.5350576
4.07	-59.50195602
4.08	-53.3876293
4.09	-58.58171511
4.10	-53.55713145
4.11	-53.54366324
4.12	-66.09150813
4.13	-65.29722897
4.14	-66.47264269
4.15	-58.29742519
4.16	-63.7960141
4.17	-63.36862787
4.18	-50.68993451
4.19	-49.45471272
4.20	-55.78929111
4.21	-53.02345315
4.22	-55.29062333
4.23	-58.59634106
4.24	-59.58367137
4.25	-60.99054708
4.26	-57.34876745
4.27	-52.69047682
4.28	-61.30692782
4.29	-63.53246295
4.30	-54.62006812
4.31	-55.84222443
4.32	-58.01241348
4.33	-60.75843929
4.34	-48.65800621
4.35	-56.62883819
4.36	-60.1502304
4.37	-59.49726816
4.38	-58.50712787
4.39	-56.49501362
4.40	-57.65875884
4.41	-59.03756788
4.42	-60.77857218
4.43	-59.27196391
4.44	-55.66402964
4.45	-57.25103489
4.46	-58.20020339
4.47	-61.19736663
4.48	-63.08228107
4.49	-58.7304663
4.50	-59.64580043
4.51	-56.13115153
4.52	-58.2227414
4.53	-63.43101219
4.54	-66.19300239
4.55	-61.47250789
4.56	-60.94291611
4.57	-64.79976291
4.58	-61.70245459
4.59	-65.90585731
4.60	-59.70825621
4.61	-57.510212
4.62	-54.94653633
4.63	-61.79882672
4.64	-56.24568164
4.65	-50.83997299
4.66	-58.45461759
4.67	-51.98855617
4.68	-46.04963241
4.69	-40.42263576
4.70	-39.94152796
4.71	-33.96393188
4.72	-41.45401888
4.73	-41.98961185
4.74	-40.23686616
4.75	-39.27199116
4.76	-38.28936807
4.77	-41.40076625
4.78	-47.43180354
4.79	-41.01360731
4.80	-49.54924331
4.81	-44.80822371
4.82	-46.03884823
4.83	-46.833538
4.84	-44.13182051
4.85	-54.43059871
4.86	-46.23033437
4.87	-44.65725406
4.88	-39.83367424
4.89	-51.62021534
4.90	-48.55309584
4.91	-40.1321924
4.92	-41.70099235
4.93	-47.8321771
4.94	-45.83993881
4.95	-41.54713623
4.96	-45.27142495
4.97	-47.16717352
4.98	-43.68485349
4.99	-43.57826099
5.00	-46.76147347
5.01	-49.00812237
5.02	-46.70012763
5.03	-47.0664479
5.04	-44.71378442
5.05	-51.63700215
5.06	-47.9666489
5.07	-50.83517185
5.08	-46.83077725
5.09	-51.29764173
5.10	-60.64747586
5.11	-48.28535851
5.12	-47.58156142
5.13	-60.09720411
5.14	-50.94752844
5.15	-63.0223836
5.16	-58.66312572
5.17	-63.1301544
5.18	-58.83131501
5.19	-50.85901004
5.20	-55.4113554
5.21	-57.5847825
5.22	-61.43600765
5.23	-59.28630163
5.24	-56.8627782
5.25	-62.31141874
5.26	-48.19379661
5.27	-50.62590703
5.28	-50.46188599
5.29	-54.88644766
5.30	-45.31782122
5.31	-67.47875598
5.32	-58.74038599
5.33	-53.21567591
5.34	-56.63760899
5.35	-51.89969288
5.36	-60.43312882
5.37	-46.8530435
5.38	-45.06913647
5.39	-54.97100765
5.40	-51.42132959
5.41	-58.16326171
5.42	-61.7099675
5.43	-58.38196128
5.44	-55.74152342
5.45	-56.05575645
5.46	-68.52846534
5.47	-57.11189508
5.48	-56.36523924
5.49	-60.00652653
5.50	-48.25699713
5.51	-49.9758903
5.52	-54.83032337
5.53	-56.09619909
5.54	-56.27658031
5.55	-57.46658174
5.56	-64.01881286
5.57	-58.86350478
5.58	-53.51934369
5.59	-54.795712
5.60	-62.30455712
5.61	-57.10928944
5.62	-58.19913838
5.63	-62.67916133
5.64	-66.88549402
5.65	-59.29624331
5.66	-59.94535994
5.67	-63.69267639
5.68	-61.94856119
5.69	-63.16558078
5.70	-61.40469336
5.71	-59.65719718
5.72	-61.36728298
5.73	-58.64192782
5.74	-64.73860182
5.75	-59.15663313
5.76	-60.33022682
5.77	-65.15913767
5.78	-72.63466587
5.79	-74.61804947
5.80	-65.59216205
5.81	-62.25176195
5.82	-64.87290942
5.83	-63.69603705
5.84	-71.91198136
5.85	-62.78335062
5.86	-66.90423207
5.87	-69.06622275
5.88	-67.09284799
5.89	-61.67928035
5.90	-59.85630521
5.91	-55.83378011
5.92	-62.84965392
5.93	-62.92264914
5.94	-70.5338836
5.95	-65.91628394
5.96	-58.72384345
5.97	-67.48360277
5.98	-62.1354412
5.99	-62.35530784
6.00	-62.59034393
6.01	-62.09131501
6.02	-60.57219766
6.03	-61.24869527
6.04	-63.24719025
6.05	-61.1958695
6.06	-68.31880282
6.07	-70.35259058
6.08	-70.57912404
6.09	-68.62991946
6.10	-68.72183341
6.11	-69.12114747
6.12	-55.40283246
6.13	-73.96051769
6.14	-73.27552055
6.15	-70.02832696
6.16	-70.01536568
6.17	-71.02697156
6.18	-78.36437404
6.19	-73.41457098
6.20	-65.80338193
6.21	-61.81787667
6.22	-67.51913504
6.23	-59.24671797
6.24	-65.974799
6.25	-66.68190727
6.26	-62.74085468
6.27	-53.66389747
6.28	-68.82573088
6.29	-61.18245602
6.30	-66.29207911
6.31	-75.59276673
6.32	-64.39510588
6.33	-63.60085731
6.34	-74.30984321
6.35	-63.50735182
6.36	-68.43429947
6.37	-61.19148399
6.38	-59.4709608
6.39	-58.46560014
6.40	-65.45037118
6.41	-71.81645722
6.42	-61.79462022
6.43	-61.5098162
6.44	-70.38827964
6.45	-66.22623351
6.46	-65.87412906
6.47	-68.85317065
6.48	-66.01644144
6.49	-69.03746487
6.50	-73.52318045
6.51	-68.90232027
6.52	-72.90663647
6.53	-68.23411185
6.54	-66.95035134
6.55	-70.06853442
6.56	-64.27271272
6.57	-69.58559967
6.58	-67.02466874
6.59	-61.08588528
6.60	-67.93158174
6.61	-65.97039723
6.62	-59.03108915
6.63	-69.39257433
6.64	-64.90469981
6.65	-75.35807887
6.66	-61.95295196
6.67	-60.02704039
6.68	-60.64832935
6.69	-66.22439532
6.70	-59.94836855
6.71	-63.64668666
6.72	-54.96449785
6.73	-58.36815942
6.74	-60.03243427
6.75	-62.66634058
6.76	-77.62597108
6.77	-67.19509728
6.78	-74.58345841
6.79	-70.09810014
6.80	-63.47473351
6.81	-65.92351219
6.82	-63.48957863
6.83	-64.59471367
6.84	-69.11755163
6.85	-61.35891491
6.86	-65.70969025
6.87	-65.57583126
6.88	-69.73950765
6.89	-60.96912667
6.90	-54.3831011
6.91	-67.53962357
6.92	-66.43526864
6.93	-56.01350478
6.94	-60.8747457
6.95	-64.80181238
6.96	-59.27103944
6.97	-64.01065296
6.98	-67.7283891
6.99	-68.57249474
7.00	-65.28083772
7.01	-65.14516061
7.02	-56.47635038
7.03	-57.21900382
7.04	-50.34100263
7.05	-66.64169073
7.06	-69.45603107
7.07	-68.64114484
7.08	-59.22001315
7.09	-56.14413432
7.10	-65.73181071
7.11	-61.334674
7.12	-62.69920124
7.13	-54.86207361
7.14	-66.19818141
7.15	-68.27878131
7.16	-66.96967639
7.17	-61.66968164
7.18	-67.09104661
7.19	-64.20864508
7.20	-64.71445363
7.21	-47.85442902
7.22	-49.33757314
7.23	-52.1037684
7.24	-57.61887237
7.25	-54.88237046
7.26	-58.08166707
7.27	-55.26640033
7.28	-57.58409345
7.29	-52.39978298
7.30	-43.73504828
7.31	-49.62674235
7.32	-54.70242519
7.33	-45.73870626
7.34	-44.50490583
7.35	-40.38318666
7.36	-38.24528059
7.37	-37.15694097
7.38	-39.25981764
7.39	-37.76964579
7.40	-43.04450789
7.41	-35.34403824
7.42	-40.22444551
7.43	-36.90123518
7.44	-43.50699594
7.45	-44.67599761
7.46	-41.87277844
7.47	-46.4357445
7.48	-40.07675908
7.49	-41.62200526
7.50	-40.62045459
7.51	-45.00423016
7.52	-31.7535251
7.53	-34.31783724
7.54	-30.91755545
7.55	-38.91230258
7.56	-45.37622156
7.57	-39.39322538
7.58	-39.61365344
7.59	-36.6996544
7.60	-35.94687787
7.61	-37.39265464
7.62	-33.58304828
7.63	-35.56836496
7.64	-32.22836353
7.65	-31.26584273
7.66	-31.5902739
7.67	-33.51759871
7.68	-30.90411018
7.69	-32.25656405
7.70	-33.99929087
7.71	-35.52653824
7.72	-31.00142256
7.73	-34.17077318
7.74	-36.24054589
7.75	-43.15698494
7.76	-39.04567663
7.77	-40.75263145
7.78	-32.39263002
7.79	-55.39939316
7.80	-44.17350884
7.81	-39.17604637
7.82	-42.08387524
7.83	-38.4893033
7.84	-41.4888217
7.85	-38.76248279
7.86	-39.97503131
7.87	-42.75271797
7.88	-41.90115464
7.89	-38.57769431
7.90	-38.9959032
7.91	-39.85685612
7.92	-47.7898217
7.93	-39.75754661
7.94	-33.90003035
7.95	-43.30092137
7.96	-43.275462
7.97	-37.90357959
7.98	-39.55779422
7.99	-44.86135755
8.00	-34.26195292
8.01	-38.95276004
8.02	-42.55734728
8.03	-40.90033509
8.04	-43.37230832
8.05	-43.80958724
8.06	-39.15718834
8.07	-46.30979015
8.08	-39.89138337
8.09	-48.06650024
8.10	-50.39864962
8.11	-44.15662524
8.12	-42.18056453
8.13	-41.11524833
8.14	-45.43684799
8.15	-41.23502557
8.16	-40.25091228
8.17	-39.67358915
8.18	-43.35629183
8.19	-39.10851793
8.20	-44.35827892
8.21	-39.78608628
8.22	-44.52201912
8.23	-39.9460956
8.24	-38.84503203
8.25	-43.94493786
8.26	-46.92050096
8.27	-42.14635373
8.28	-50.10365989
8.29	-51.93610397
8.30	-49.88044168
8.31	-49.9876544
8.32	-43.55778705
8.33	-43.53032553
8.34	-40.52817447
8.35	-40.55006597
8.36	-40.17801434
8.37	-38.85957792
8.38	-35.70622658
8.39	-42.75613815
8.40	-45.44907744
8.41	-43.43575239
8.42	-46.41506477
8.43	-41.75353274
8.44	-43.91365798
8.45	-43.25064197
8.46	-43.25252366
8.47	-46.49240416
8.48	-46.86533748
8.49	-47.36383198
8.50	-47.01238384
8.51	-49.66797658
8.52	-43.69530115
8.53	-48.85599928
8.54	-45.70256405
8.55	-46.71803203
8.56	-49.20359011
8.57	-41.4834608
8.58	-36.61360468
8.59	-40.03804685
8.60	-36.08317304
8.61	-40.46177079
8.62	-40.09701315
8.63	-36.98298112
8.64	-37.44980354
8.65	-38.63397204
8.66	-37.99093117
8.67	-34.51479661
8.68	-35.91712357
8.69	-36.25923901
8.70	-37.74316157
8.71	-32.93465464
8.72	-35.24165488
8.73	-35.89257337
8.74	-35.37028059
8.75	-35.98678728
8.76	-33.77636616
8.77	-34.96748805
8.78	-37.83751625
8.79	-33.5572555
8.80	-33.17774761
8.81	-34.59674402
8.82	-35.9086195
8.83	-34.31708772
8.84	-41.45250454
8.85	-34.66845196
8.86	-37.40742376
8.87	-37.8498848
8.88	-38.52277677
8.89	-36.81465416
8.90	-36.12617328
8.91	-39.28776482
8.92	-34.83229708
8.93	-34.15421104
8.94	-36.77049785
8.95	-36.94538384
8.96	-37.62350215
8.97	-40.0471532
8.98	-40.31198829
8.99	-40.74876745
9.00	-39.32936926
9.01	-45.23090464
9.02	-47.07047777
9.03	-38.41235397
9.04	-39.61672897
9.05	-37.29749857
9.06	-35.15639771
9.07	-43.23742352
9.08	-36.88040201
9.09	-49.68987094
9.10	-36.62450813
9.11	-38.12080569
9.12	-39.67779135
9.13	-43.97723972
9.14	-43.90643356
9.15	-36.41220889
9.16	-38.75136879
9.17	-33.14927605
9.18	-35.85753059
9.19	-43.85008078
9.20	-41.39605808
9.21	-41.49134058
9.22	-35.26186162
9.23	-36.42028824
9.24	-43.05987954
9.25	-41.70859082
9.26	-47.11323996
9.27	-46.23817352
9.28	-35.76981716
9.29	-33.86578824
9.30	-41.46203848
9.31	-31.44247323
9.32	-41.41513074
9.33	-39.82755115
9.34	-35.76193714
9.35	-36.15170076
9.36	-37.18701195
9.37	-38.54298016
9.38	-41.6155153
9.39	-36.5871207
9.40	-34.78380545
9.41	-41.86900574
9.42	-38.70406979
9.43	-37.41452533
9.44	-41.05089364
9.45	-35.71727223
9.46	-38.75945961
9.47	-38.04729183
9.48	-30.42824259
9.49	-39.73537643
9.50	-40.00125645
9.51	-47.76128083
9.52	-45.74078944
9.53	-46.46535038
9.54	-47.49261448
9.55	-37.69938193
9.56	-37.40866444
9.57	-34.48715081
9.58	-40.40885827
9.59	-42.62772299
9.60	-40.477913
9.61	-34.6302751
9.62	-37.77568164
9.63	-33.56323279
9.64	-34.98691754
9.65	-37.10217137
9.66	-33.26416659
9.67	-38.02271319
9.68	-45.41878681
9.69	-42.55053274
9.70	-49.73222658
9.71	-45.72833174
9.72	-46.46831525
9.73	-45.95223518
9.74	-42.9544185
9.75	-48.5282445
9.76	-50.17915703
9.77	-48.98844455
9.78	-50.65256979
9.79	-48.10687811
9.80	-50.85330258
9.81	-56.47811926
9.82	-49.08233293
9.83	-59.49649665
9.84	-51.98244909
9.85	-48.85174809
9.86	-50.29758413
9.87	-51.73461974
9.88	-47.72631381
9.89	-53.85007911
9.90	-48.69426482
9.91	-50.49671056
9.92	-45.73191563
9.93	-47.12973327
9.94	-45.8909914
9.95	-57.3965913
9.96	-48.19690368
9.97	-55.24969551
9.98	-50.16758628
9.99	-49.43898709
10.00	-54.95125574
10.01	-49.51160134
10.02	-50.09024092
10.03	-51.59924187
10.04	-51.87707648
10.05	-55.51319407
10.06	-55.93056429
10.07	-50.47848853
10.08	-53.92330617
10.09	-56.52460325
10.10	-44.54313241
10.11	-52.08060301
10.12	-42.69009465
10.13	-43.78112118
10.14	-38.7647065
10.15	-43.37748972
10.16	-48.95500574
10.17	-48.76193666
10.18	-51.88476434
10.19	-55.370462
10.20	-54.39897251
10.21	-56.11729493
10.22	-60.99136377
10.23	-51.9088413
10.24	-51.14234058
10.25	-50.41418021
10.26	-49.37737572
10.27	-59.83314747
10.28	-59.35620268
10.29	-58.19979685
10.30	-55.9913934
10.31	-58.85368021
10.32	-51.47206477
10.33	-57.16044312
10.34	-54.0104479
10.35	-53.06725096
10.36	-53.8412206
10.37	-53.12428011
10.38	-53.49236185
10.39	-51.47335492
10.40	-51.99268069
10.41	-57.1143131
10.42	-54.92458389
10.43	-46.97597275
10.44	-54.57643786
10.45	-45.31479517
10.46	-52.36006429
10.47	-49.83188098
10.48	-54.77963074
10.49	-57.07637213
10.50	-48.91581644
10.51	-56.78822921
10.52	-53.24792973
10.53	-52.27920244
10.54	-56.6086195
10.55	-46.89044479
10.56	-50.74352605
10.57	-58.58516707
10.58	-47.15057266
10.59	-56.84985899
10.60	-48.12810445
10.61	-52.53854708
10.62	-53.8796869
10.63	-51.46579661
10.64	-63.72231859
10.65	-54.66628035
10.66	-53.63098566
10.67	-51.91413838
10.68	-57.46357122
10.69	-53.28345053
10.70	-57.7676164
10.71	-56.30302629
10.72	-64.30856764
10.73	-59.659201
10.74	-57.75167758
10.75	-56.82966037
10.76	-61.06337261
10.77	-50.79019957
10.78	-59.07794479
10.79	-60.56719766
10.80	-57.30922921
10.81	-53.95894025
10.82	-52.11078322
10.83	-48.30042041
10.84	-43.23735612
10.85	-48.10391969
10.86	-53.22164962
10.87	-52.41736472
10.88	-52.49538934
10.89	-53.92146797
10.90	-58.05982553
10.91	-56.5039577
10.92	-61.13471941
10.93	-59.91442663
10.94	-65.56880378
10.95	-59.89599689
10.96	-53.61129039
10.97	-56.83302294
10.98	-56.31064818
10.99	-51.08846248
11.00	-54.11985946
11.01	-56.10968929
11.02	-53.36129661
11.03	-56.07609536
11.04	-51.26784273
11.05	-52.32360397
11.06	-59.01589938
11.07	-55.15091635
11.08	-48.87946295
11.09	-47.30138528
11.10	-39.1759326
11.11	-42.0226293
11.12	-39.73934345
11.13	-42.24566874
11.14	-44.5989816
11.15	-47.70473781
11.16	-44.33782242
11.17	-36.24440511
11.18	-36.46136424
11.19	-37.10069264
11.20	-42.35405497
11.21	-39.18460229
11.22	-42.13385468
11.23	-37.4697935
11.24	-45.08680043
11.25	-39.14672251
11.26	-44.98768403
11.27	-49.84808963
11.28	-47.5713174
11.29	-54.89931788
11.30	-48.20672132
11.31	-54.22138647
11.32	-57.85137548
11.33	-54.96606955
11.34	-51.57499522
11.35	-38.87811711
11.36	-40.10599283
11.37	-41.60480067
11.38	-35.29307051
11.39	-40.48419861
11.40	-38.49261042
11.41	-36.74424618
11.42	-40.32179971
11.43	-40.53735373
11.44	-43.63520339
11.45	-34.04805354
11.46	-40.9747892
11.47	-39.889538
11.48	-42.10861138
11.49	-37.6111838
11.50	-39.18147682
11.51	-40.5231305
11.52	-40.16752844
11.53	-37.60127486
11.54	-42.60729828
11.55	-38.72187596
11.56	-37.70601769
11.57	-39.09692161
11.58	-38.15062859
11.59	-35.56471989
11.60	-35.65246152
11.61	-39.89074809
11.62	-39.15377175
11.63	-45.7311152
11.64	-43.05430999
11.65	-38.10464006
11.66	-38.10936066
11.67	-52.06444718
11.68	-48.39438193
11.69	-44.28730593
11.70	-42.5893217
11.71	-47.80468666
11.72	-48.04954565
11.73	-52.74179661
11.74	-42.34904685
11.75	-53.80326338
11.76	-43.29119216
11.77	-49.60066515
11.78	-52.50554971
11.79	-50.28341181
11.80	-45.73559082
11.81	-43.88627964
11.82	-45.51460468
11.83	-52.98045937
11.84	-48.31863313
11.85	-50.53895387
11.86	-42.13910707
11.87	-48.17955282
11.88	-43.39868666
11.89	-47.29809751
11.90	-46.17571152
11.91	-46.44070435
11.92	-50.64716396
11.93	-47.2905184
11.94	-46.85704971
11.95	-50.42384011
11.96	-48.07320339
11.97	-41.45158724
11.98	-51.27022036
11.99	-48.42824546
12.00	-52.395538
12.01	-47.77053298
12.02	-51.43134226
12.03	-54.37754685
12.04	-58.97928585
12.05	-59.10143666
12.06	-60.10951434
12.07	-59.10555234
12.08	-55.16899426
12.09	-61.98412954
12.10	-53.06518141
12.11	-60.88043858
12.12	-56.49051338
12.13	-51.45009489
12.14	-47.82307648
12.15	-57.44181716
12.16	-51.6100858
12.17	-56.94967017
12.18	-49.07042591
12.19	-52.48383772
12.20	-51.56688815
12.21	-50.18678466
12.22	-52.15943881
12.23	-54.39961257
12.24	-52.44802294
12.25	-51.40691515
12.26	-45.8959804
12.27	-41.57237118
12.28	-45.28180975
12.29	-41.53092639
12.30	-43.37540177
12.31	-46.0994001
12.32	-55.3955055
12.33	-47.28120148
12.34	-45.60401099
12.35	-50.25817495
12.36	-61.8382739
12.37	-50.27700072
12.38	-45.17062548
12.39	-51.68713289
12.40	-51.67956381
12.41	-51.83609943
12.42	-54.46675096
12.43	-48.30222849
12.44	-52.10545339
12.45	-46.50618141
12.46	-42.62321367
12.47	-46.27040966
12.48	-41.10157146
12.49	-39.7755239
12.50	-41.12388169
12.51	-40.8375196
12.52	-37.58916252
12.53	-37.88145196
12.54	-36.01494622
12.55	-32.84142997
12.56	-30.52752605
12.57	-30.4859032
12.58	-31.22095626
12.59	-31.70669049
12.60	-32.61073016
12.61	-31.89680903
12.62	-33.02157314
12.63	-34.29782887
12.64	-33.10554756
12.65	-38.09871391
12.66	-35.70607792
12.67	-35.54912715
12.68	-37.9843229
12.69	-35.2188989
12.70	-35.3141501
12.71	-40.40799498
12.72	-41.99062404
12.73	-40.74942758
12.74	-41.52699331
12.75	-40.15089316
12.76	-37.117174
12.77	-42.01180258
12.78	-42.58762118
12.79	-38.88803681
12.80	-38.94408485
12.81	-39.42428083
12.82	-34.95872634
12.83	-35.71447849
12.84	-38.55841563
12.85	-43.73950024
12.86	-38.98430951
12.87	-39.17998255
12.88	-40.04986114
12.89	-44.94824498
12.90	-41.08208676
12.91	-44.56208628
12.92	-41.62562643
12.93	-45.97218953
12.94	-43.40132887
12.95	-44.70032433
12.96	-45.40038337
12.97	-42.69039197
12.98	-45.23012715
12.99	-35.71713002
13.00	-39.19778466
13.01	-35.19339412
13.02	-40.65595315
13.03	-41.55430593
13.04	-42.60462524
13.05	-45.13483987
13.06	-49.12755115
13.07	-51.43859967
13.08	-57.24946295
13.09	-56.37245459
13.10	-49.52027008
13.11	-41.29782959
13.12	-56.27724211
13.13	-64.34313695
13.14	-60.37147371
13.15	-54.00108795
13.16	-51.00477247
13.17	-47.32444216
13.18	-43.37303227
13.19	-46.12836687
13.20	-48.43983461
13.21	-47.31378322
13.22	-54.30353394
13.23	-51.28820985
13.24	-46.2484761
13.25	-43.34519073
13.26	-43.4343664
13.27	-45.89761496
13.28	-42.68386568
13.29	-44.40776793
13.30	-42.62960397
13.31	-43.24370076
13.32	-46.09329541
13.33	-43.80683843
13.34	-45.15709321
13.35	-44.75613719
13.36	-46.84684106
13.37	-46.93020746
13.38	-44.99075311
13.39	-46.68544861
13.40	-45.81357887
13.41	-43.88963815
13.42	-37.66763384
13.43	-41.68494766
13.44	-36.18439293
13.45	-43.37130258
13.46	-51.61093403
13.47	-52.53113098
13.48	-45.39810851
13.49	-47.9003903
13.50	-44.34799379
13.51	-43.39626052
13.52	-41.6898836
13.53	-42.54559751
13.54	-51.25121534
13.55	-42.18955712
13.56	-44.9370153
13.57	-40.76658939
13.58	-38.90944144
13.59	-41.28484011
13.60	-45.95311879
13.61	-45.3975086
13.62	-41.90609704
13.63	-43.91154732
13.64	-39.41223948
13.65	-40.78988241
13.66	-37.21651458
13.67	-39.93709871
13.68	-32.90167591
13.69	-41.52603489
13.70	-32.47142663
13.71	-41.81346104
13.72	-41.79593666
13.73	-36.67356047
13.74	-33.92089532
13.75	-37.85117686
13.76	-34.59696295
13.77	-36.63120196
13.78	-38.40682792
13.79	-38.7196587
13.80	-33.81895865
13.81	-31.53881381
13.82	-37.2975717
13.83	-37.43009847
13.84	-36.56602581
13.85	-34.5265325
13.86	-31.21698518
13.87	-31.24687739
13.88	-36.59316898
13.89	-40.12199379
13.90	-34.03312978
13.91	-35.52832887
13.92	-32.02701936
13.93	-36.19800048
13.94	-39.69935397
13.95	-40.34690416
13.96	-40.85670961
13.97	-39.04803633
13.98	-41.42490344
13.99	-38.63046534
14.00	-38.36877486
14.01	-37.16771128
14.02	-38.22845435
14.03	-38.04573924
14.04	-39.63569288
14.05	-38.10606692
14.06	-35.67920722
14.07	-35.99034489
14.08	-33.96864364
14.09	-34.42642854
14.10	-41.67244766
14.11	-41.48040894
14.12	-37.67227438
14.13	-38.47569144
14.14	-35.28431238
14.15	-37.36784441
14.16	-42.76241515
14.17	-42.82598327
14.18	-41.89879661
14.19	-36.10859512
14.20	-37.75770578
14.21	-35.14957959
14.22	-24.28307003
14.23	-27.93014699
14.24	-29.94079302
14.25	-31.07706597
14.26	-32.73856979
14.27	-35.33855688
14.28	-33.87427462
14.29	-35.10619575
14.30	-35.61348303
14.31	-32.27995363
14.32	-36.70806597
14.33	-34.30405736
14.34	-35.41887787
14.35	-36.81513265
14.36	-37.08470053
14.37	-35.73841635
14.38	-37.25655808
14.39	-31.15637309
14.40	-38.05258891
14.41	-34.84862548
14.42	-34.81859273
14.43	-38.79170411
14.44	-37.45621511
14.45	-44.66600932
14.46	-41.85244407
14.47	-40.9556783
14.48	-35.86425382
14.49	-40.4357108
14.50	-37.05284943
14.51	-34.91279422
14.52	-35.73132098
14.53	-36.48785731
14.54	-32.75640057
14.55	-40.33994312
14.56	-36.32649857
14.57	-41.41494551
14.58	-40.6336446
14.59	-33.83212046
14.60	-39.85649857
14.61	-39.63004565
14.62	-32.50861759
14.63	-40.08896989
14.64	-46.23301864
14.65	-39.15779446
14.66	-35.0171348
14.67	-39.56522945
14.68	-37.34424498
14.69	-37.62805258
14.70	-34.44424785
14.71	-39.84025143
14.72	-43.0436728
14.73	-40.10687189
14.74	-35.45080593
14.75	-35.05210612
14.76	-33.47576076
14.77	-40.84217663
14.78	-37.27896487
14.79	-40.96894503
14.80	-41.03814125
14.81	-38.98777988
14.82	-35.97972036
14.83	-42.67965535
14.84	-37.20717304
14.85	-35.23217376
14.86	-39.47272204
14.87	-29.58673638
14.88	-33.84299355
14.89	-28.66434584
14.90	-25.36138743
14.91	-22.92028155
14.92	-24.27037691
14.93	-30.35648733
14.94	-32.65208246
14.95	-30.35070698
14.96	-32.69952294
14.97	-35.79632505
14.98	-37.32368284
14.99	-36.83580999
15.00	-26.23219407
15.01	-33.5325576
15.02	-33.98930736
15.03	-36.1881109
15.04	-32.405049
15.05	-31.30743117
15.06	-39.2125251
15.07	-39.51423805
15.08	-39.94857839
15.09	-42.18000191
15.10	-39.39531859
15.11	-37.19791181
15.12	-40.65477605
15.13	-44.55977964
15.14	-33.12471319
15.15	-52.14078657
15.16	-56.12091635
15.17	-56.62984847
15.18	-49.37411185
15.19	-44.81764914
15.20	-50.15883246
15.21	-47.67983915
15.22	-42.75592017
15.23	-42.22306597
15.24	-49.42440129
15.25	-55.03102677
15.26	-52.98610301
15.27	-57.88013337
15.28	-53.8075631
15.29	-56.74938934
15.30	-53.30350884
15.31	-54.22397036
15.32	-48.19302916
15.33	-53.56400048
15.34	-52.73927462
15.35	-49.45072825
15.36	-45.51848303
15.37	-44.84580712
15.38	-50.65060038
15.39	-51.00916157
15.40	-50.34394383
15.41	-47.87124498
15.42	-51.38537643
15.43	-53.29532887
15.44	-49.64399426
15.45	-53.63689555
15.46	-56.17848518
15.47	-57.22568499
15.48	-50.34446534
15.49	-40.58228681
15.50	-54.14201673
15.51	-56.90148136
15.52	-53.29893188
15.53	-55.82615249
15.54	-54.20216181
15.55	-53.24097299
15.56	-49.62531286
15.57	-41.22045435
15.58	-43.39130617
15.59	-42.46820578
15.60	-41.28526888
15.61	-34.148837
15.62	-44.37996104
15.63	-40.06938002
15.64	-45.05411305
15.65	-51.75279804
15.66	-46.84094312
15.67	-41.4909424
15.68	-42.10610325
15.69	-36.49903537
15.70	-38.93693093
15.71	-30.48175741
15.72	-42.20101673
15.73	-38.63403489
15.74	-36.20158102
15.75	-33.22024594
15.76	-30.34169957
15.77	-30.24789532
15.78	-30.40731788
15.79	-30.62533198
15.80	-35.04154207
15.81	-31.72737715
15.82	-34.00263815
15.83	-25.4350576
15.84	-31.11493834
15.85	-33.61043834
15.86	-32.92910994
15.87	-28.12775143
15.88	-31.6698934
15.89	-30.09805402
15.90	-29.52885946
15.91	-36.14127079
15.92	-33.4524804
15.93	-31.50274379
15.94	-33.19336472
15.95	-33.94409058
15.96	-38.83552462
15.97	-36.20002462
15.98	-38.62141372
15.99	-34.91345507
16.00	-36.68128824
16.01	-39.05810014
16.02	-42.03618212
16.03	-35.37519885
16.04	-36.88519575
16.05	-36.61535301
16.06	-24.47861998
16.07	-32.8594522
16.08	-32.41969192
16.09	-31.68967208
16.10	-26.73690392
16.11	-27.27133007
16.12	-25.25771033
16.13	-32.17824355
16.14	-28.32262524
16.15	-31.01823709
16.16	-30.52872849
16.17	-32.68489149
16.18	-26.61757815
16.19	-28.80668141
16.20	-30.53793619
16.21	-29.2508033
16.22	-33.56380425
16.23	-36.85770268
16.24	-35.4381446
16.25	-34.81850263
16.26	-27.55959393
16.27	-26.87305951
16.28	-27.54556549
16.29	-27.20267208
16.30	-20.32126219
16.31	-29.26328609
16.32	-31.46266969
16.33	-31.36145865
16.34	-34.731163
16.35	-37.24748184
16.36	-37.15386472
16.37	-35.99982744
16.38	-38.96843451
16.39	-43.06918499
16.40	-34.65297036
16.41	-39.90824498
16.42	-40.01768045
16.43	-38.86642949
16.44	-39.82393881
16.45	-37.81696391
16.46	-41.55266587
16.47	-40.47845746
16.48	-39.76166993
16.49	-40.76196487
16.50	-42.56574426
16.51	-32.9972261
16.52	-36.25515989
16.53	-33.08681501
16.54	-34.91645292
16.55	-35.53903537
16.56	-36.91395913
16.57	-36.21335707
16.58	-37.01712118
16.59	-36.98876147
16.60	-35.88783485
16.61	-36.32789269
16.62	-34.45467663
16.63	-35.23175335
16.64	-35.40901936
16.65	-36.81574928
16.66	-37.42608963
16.67	-35.7694044
16.68	-42.86737882
16.69	-36.69750335
16.70	-35.2755533
16.71	-31.95753418
16.72	-32.28071869
16.73	-37.22618834
16.74	-30.07204995
16.75	-31.79203513
16.76	-33.59770722
16.77	-34.67150813
16.78	-38.88256907
16.79	-39.17577749
16.80	-34.1078903
16.81	-26.93949211
16.82	-29.63433246
16.83	-29.40073877
16.84	-27.78308843
16.85	-37.34271869
16.86	-39.56331764
16.87	-37.07416276
16.88	-33.47813791
16.89	-36.65539675
16.90	-35.69424641
16.91	-37.06922945
16.92	-32.47455258
16.93	-37.32251123
16.94	-37.31067686
16.95	-31.06330067
16.96	-35.8446434
16.97	-31.29336568
16.98	-35.10365655
16.99	-34.94316133
17.00	-32.89222538
17.01	-28.9301348
17.02	-36.04956286
17.03	-31.91433724
17.04	-38.89246678
17.05	-38.87004207
17.06	-33.76521009
17.07	-39.06390033
17.08	-36.83882314
17.09	-40.02021893
17.10	-37.21131142
17.11	-36.45522299
17.12	-35.01708102
17.13	-39.17423662
17.14	-38.24721893
17.15	-29.89662811
17.16	-33.72281859
17.17	-29.95069861
17.18	-31.14271534
17.19	-27.79168834
17.20	-24.98818021
17.21	-33.248962
17.22	-32.68980354
17.23	-34.36220029
17.24	-35.55141802
17.25	-36.92679852
17.26	-32.04301171
17.27	-39.39052749
17.28	-34.58161759
17.29	-38.53128872
17.30	-38.64593308
17.31	-35.67633987
17.32	-31.39825096
17.33	-34.17494168
17.34	-36.97705593
17.35	-35.11678179
17.36	-33.10041157
17.37	-34.77391611
17.38	-32.300924
17.39	-28.83232983
17.40	-26.1226348
17.41	-26.85660468
17.42	-32.97942997
17.43	-38.35541085
17.44	-32.21463026
17.45	-34.40191013
17.46	-33.70016444
17.47	-37.14776076
17.48	-31.06001147
17.49	-28.21203489
17.50	-30.64041109
17.51	-33.14706525
17.52	-37.11592017
17.53	-32.047326
17.54	-41.56761472
17.55	-33.19387954
17.56	-37.83362548
17.57	-34.83444288
17.58	-30.11547825
17.59	-33.53655927
17.60	-35.4119338
17.61	-37.74102462
17.62	-33.61908939
17.63	-39.32026745
17.64	-32.56680545
17.65	-35.67290583
17.66	-40.74906477
17.67	-36.61353466
17.68	-35.91518236
17.69	-39.89369383
17.70	-44.35031214
17.71	-47.57022132
17.72	-38.99296558
17.73	-39.11241563
17.74	-46.07661783
17.75	-39.35614101
17.76	-32.83258652
17.77	-42.79967878
17.78	-39.54142065
17.79	-39.73319933
17.80	-34.97404087
17.81	-33.26185134
17.82	-33.11107983
17.83	-39.62862333
17.84	-40.03174498
17.85	-41.24845196
17.86	-35.32335994
17.87	-35.83112954
17.88	-40.70793642
17.89	-34.79330402
17.90	-38.3695435
17.91	-36.92733341
17.92	-29.27999976
17.93	-44.85435014
17.94	-38.3022347
17.95	-36.96733676
17.96	-42.44820411
17.97	-32.01251554
17.98	-40.70742591
17.99	-35.56361114
18.00	-35.13786496
18.01	-37.23154828
18.02	-32.39833126
18.03	-29.91588958
18.04	-36.06481381
18.05	-37.07148877
18.06	-34.89447132
18.07	-42.45730784
18.08	-47.99878203
18.09	-38.70471845
18.10	-47.69702175
18.11	-57.77025502
18.12	-45.28678394
18.13	-38.76868905
18.14	-49.06705425
18.15	-42.7463315
18.16	-29.68420937
18.17	-35.51231095
18.18	-45.71002486
18.19	-44.53190057
18.20	-42.74305903
18.21	-36.66163767
18.22	-41.4375282
18.23	-43.24186448
18.24	-45.24481859
18.25	-50.27038695
18.26	-54.57529852
18.27	-49.03481501
18.28	-48.63135636
18.29	-55.91878657
18.30	-47.48748399
18.31	-44.6717825
18.32	-49.5424816
18.33	-49.36251816
18.34	-35.00394742
18.35	-33.83493595
18.36	-35.58282505
18.37	-35.97821224
18.38	-35.22433748
18.39	-30.90340249
18.40	-36.87232122
18.41	-38.39642137
18.42	-38.39799498
18.43	-30.96157457
18.44	-41.29718117
18.45	-41.81045053
18.46	-40.40867137
18.47	-30.91477605
18.48	-39.82855664
18.49	-40.44690679
18.50	-41.1351771
18.51	-42.19964006
18.52	-42.27173733
18.53	-38.2707022
18.54	-35.37109967
18.55	-38.23133198
18.56	-41.89008054
18.57	-47.17464986
18.58	-39.00834823
18.59	-41.0430674
18.60	-44.514924
18.61	-43.22157863
18.62	-36.84091205
18.63	-39.87845961
18.64	-40.71693547
18.65	-32.77821702
18.66	-49.69069144
18.67	-46.82264293
18.68	-41.25945387
18.69	-40.34550096
18.70	-34.43479732
18.71	-33.29144957
18.72	-32.59306429
18.73	-29.77701243
18.74	-32.47687285
18.75	-31.49355354
18.76	-26.93041515
18.77	-28.51144073
18.78	-36.15735516
18.79	-35.78517997
18.80	-32.3258162
18.81	-33.59061496
18.82	-29.04906644
18.83	-33.95325263
18.84	-38.01029398
18.85	-32.93880091
18.86	-35.84543834
18.87	-41.8841305
18.88	-39.74099283
18.89	-45.94894933
18.90	-40.69856668
18.91	-37.38173112
18.92	-42.61770124
18.93	-51.40183652
18.94	-44.00852318
18.95	-37.6333652
18.96	-39.43898351
18.97	-40.32102366
18.98	-37.98437022
18.99	-34.92911783
19.00	-39.5458033
19.01	-34.74305664
19.02	-40.75407959
19.03	-38.40150167
19.04	-42.78804589
19.05	-46.37920411
19.06	-56.39155736
19.07	-47.10413337
19.08	-48.30312643
19.09	-52.75225789
19.10	-53.61445602
19.11	-56.93459178
19.12	-44.78158437
19.13	-46.20885206
19.14	-54.55229541
19.15	-56.72258628
19.16	-52.31712882
19.17	-54.6551826
19.18	-54.78935707
19.19	-49.17142949
19.20	-53.59497945
19.21	-53.45348375
19.22	-59.02605258
19.23	-62.56294622
19.24	-52.16812237
19.25	-56.91024307
19.26	-39.81871917
19.27	-38.29866348
19.28	-41.34248733
19.29	-36.9111575
19.30	-43.29653681
19.31	-30.00437596
19.32	-39.8552249
19.33	-36.65788767
19.34	-38.76321941
19.35	-34.99340774
19.36	-39.58278681
19.37	-48.7917978
19.38	-53.73491778
19.39	-50.18633413
19.40	-48.77364699
19.41	-44.59258939
19.42	-39.81548614
19.43	-38.29266969
19.44	-40.01536114
19.45	-43.58793427
19.46	-41.53093188
19.47	-36.56612811
19.48	-33.35623255
19.49	-43.6248597
19.50	-46.15844407
19.51	-45.1029565
19.52	-36.41416013
19.53	-37.18788719
19.54	-38.66750478
19.55	-40.7193468
19.56	-48.33456477
19.57	-33.1170098
19.58	-41.45283365
19.59	-36.4991164
19.60	-43.23389699
19.61	-44.01502749
19.62	-44.28298996
19.63	-39.93939532
19.64	-40.36441515
19.65	-39.10478179
19.66	-38.60139293
19.67	-35.52578609
19.68	-37.4325337
19.69	-52.02386568
19.70	-43.72123375
19.71	-48.04844622
19.72	-53.63900717
19.73	-52.73540894
19.74	-50.75908748
19.75	-49.7675325
19.76	-57.31527032
19.77	-49.05350932
19.78	-53.58226434
19.79	-38.8401336
19.80	-46.68112333
19.81	-55.20488026
19.82	-49.91800693
19.83	-53.8831293
19.84	-53.23591109
19.85	-51.63842997
19.86	-51.64953848
19.87	-51.42564938
19.88	-50.84564771
19.89	-49.26294933
19.90	-48.94694957
19.91	-53.3950999
19.92	-50.70040105
19.93	-56.20898255
19.94	-47.86029493
19.95	-50.44471606
19.96	-50.27358891
19.97	-54.63270292
19.98	-54.23553489
19.99	-54.52822347
20.00	-54.04395387
20.01	-43.05632744
20.02	-47.92500813
20.03	-56.18321511
20.04	-53.57106286
20.05	-51.56243858
20.06	-49.70835899
20.07	-49.81536018
20.08	-34.46672968
20.09	-53.38744861
20.10	-46.00174068
20.11	-46.28813289
20.12	-47.61659943
20.13	-53.06727127
20.14	-54.28390989
20.15	-47.55930784
20.16	-54.52211855
20.17	-51.81456238
20.18	-51.90666396
20.19	-55.22091205
20.20	-39.99628035
20.21	-56.12967256
20.22	-54.58288408
20.23	-51.09357027
20.24	-49.22773088
20.25	-52.04076577
20.26	-55.04678896
20.27	-51.06598829
20.28	-38.856924
20.29	-44.9320153
20.30	-44.84630688
20.31	-42.82522299
20.32	-40.0109338
20.33	-37.95893117
20.34	-40.61527151
20.35	-49.24116611
20.36	-57.4920153
20.37	-52.03741037
20.38	-43.6368272
20.39	-40.89008389
20.40	-39.88241659
20.41	-45.77102605
20.42	-48.45385803
20.43	-61.46683533
20.44	-43.83242495
20.45	-40.63545268
20.46	-43.7078456
20.47	-35.51723494
20.48	-35.60628489
20.49	-36.25660158
20.50	-39.75168738
20.51	-34.14853083
20.52	-36.74893905
20.53	-34.77198662
20.54	-33.19664269
20.55	-32.99289818
20.56	-34.63802462
20.57	-31.86057959
20.58	-34.43995411
20.59	-29.87335421
20.60	-38.91020292
20.61	-38.93732242
20.62	-38.05191969
20.63	-36.50900502
20.64	-37.78785229
20.65	-30.98404183
20.66	-36.57834417
20.67	-31.19683126
20.68	-29.36909297
20.69	-31.60185301
20.70	-30.20884751
20.71	-32.29771702
20.72	-36.15158509
20.73	-43.42730139
20.74	-42.28806453
20.75	-41.52594288
20.76	-38.45659775
20.77	-35.59231525
20.78	-38.80533987
20.79	-43.44435086
20.80	-41.73665105
20.81	-39.66404039
20.82	-38.02290105
20.83	-45.1790533
20.84	-64.10401099
20.85	-41.19196009
20.86	-44.51166922
20.87	-44.2712359
20.88	-43.04699857
20.89	-34.67009608
20.90	-42.42975263
20.91	-44.31943547
20.92	-44.11823399
20.93	-42.43603083
20.94	-45.92035014
20.95	-52.55501673
20.96	-54.26986902
20.97	-58.73436496
20.98	-57.33297777
20.99	-52.875712
21.00	-59.50774761
21.01	-59.41571678
21.02	-56.01593929
21.03	-52.9840827
21.04	-54.38334178
21.05	-54.82601052
21.06	-61.8349718
21.07	-60.81332576
21.08	-56.77199498
21.09	-62.83100693
21.10	-62.04496439
21.11	-55.9873217
21.12	-60.5492163
21.13	-42.76950048
21.14	-62.24773399
21.15	-50.04906883
21.16	-56.2980153
21.17	-51.76069885
21.18	-54.54546821
21.19	-62.59281836
21.20	-60.19904278
21.21	-64.33646678
21.22	-54.22952127
21.23	-54.7557543
21.24	-58.96466372
21.25	-61.01945076
21.26	-62.09768427
21.27	-59.89433031
21.28	-61.49736185
21.29	-62.49421773
21.30	-60.588038
21.31	-57.59066157
21.32	-55.49311042
21.33	-58.36817041
21.34	-59.32319957
21.35	-60.33904326
21.36	-56.78667376
21.37	-61.56252725
21.38	-51.98939125
21.39	-58.48354326
21.40	-57.46508293
21.41	-64.3262555
21.42	-62.6684957
21.43	-60.22851554
21.44	-49.65845985
21.45	-54.08849044
21.46	-50.28718475
21.47	-50.71050311
21.48	-41.17897132
21.49	-55.54616802
21.50	-57.13468117
21.51	-54.42331214
21.52	-57.62127749
21.53	-53.52097586
21.54	-52.40233963
21.55	-54.23396319
21.56	-55.72570124
21.57	-48.43184871
21.58	-56.50384297
21.59	-50.11021702
21.60	-58.17354804
21.61	-49.49788862
21.62	-52.15361281
21.63	-45.71262954
21.64	-52.94305999
21.65	-53.56374355
21.66	-50.8727445
21.67	-58.20410373
21.68	-57.44658724
21.69	-50.27026099
21.70	-62.33977557
21.71	-67.15587452
21.72	-50.25107815
21.73	-57.11315703
21.74	-48.90449379
21.75	-37.69897729
21.76	-37.80410492
21.77	-41.33361329
21.78	-49.07361687
21.79	-31.45691157
21.80	-42.52444885
21.81	-42.45135994
21.82	-36.38941372
21.83	-41.87969049
21.84	-38.32374618
21.85	-44.30897777
21.86	-43.43591539
21.87	-40.0194804
21.88	-36.87526984
21.89	-33.30552557
21.90	-29.82238241
21.91	-31.34886855
21.92	-37.51997849
21.93	-38.10476936
21.94	-31.3815925
21.95	-36.1423511
21.96	-31.02034943
21.97	-33.17864842
21.98	-21.90558365
21.99	-27.55102103
22.00	-27.34449116
22.01	-34.68320005
22.02	-37.50706071
22.03	-32.76239054
22.04	-32.81794742
22.05	-36.0590251
22.06	-37.78168786
22.07	-36.75804087
22.08	-36.51454015
22.09	-35.21049737
22.10	-34.58351936
22.11	-33.50050263
22.12	-26.69102653
22.13	-33.21230808
22.14	-33.95373877
22.15	-37.81564938
22.16	-34.37976577
22.17	-31.82905258
22.18	-33.93788815
22.19	-34.99030617
22.20	-38.32786902
22.21	-36.33566993
22.22	-39.05922777
22.23	-30.99982553
22.24	-30.97289364
22.25	-32.23410086
22.26	-31.64934704
22.27	-32.99241587
22.28	-37.3691336
22.29	-32.02848638
22.30	-38.26238456
22.31	-35.76792734
22.32	-36.60322921
22.33	-38.63805282
22.34	-37.57223614
22.35	-35.06566372
22.36	-37.60549187
22.37	-37.84439077
22.38	-37.91392041
22.39	-39.75075382
22.40	-37.36805234
22.41	-41.93891491
22.42	-37.53073207
22.43	-42.66985062
22.44	-35.56340129
22.45	-39.43678513
22.46	-39.24090368
22.47	-37.1158903
22.48	-41.27320554
22.49	-34.62314603
22.50	-39.83806501
22.51	-34.90310421
22.52	-36.16356334
22.53	-30.35443236
22.54	-35.05087524
22.55	-34.52514651
22.56	-37.31875669
22.57	-34.97146415
22.58	-27.58573351
22.59	-36.95809106
22.60	-36.33038719
22.61	-33.71980043
22.62	-31.42362428
22.63	-37.235951
22.64	-35.72217185
22.65	-38.97022801
22.66	-39.51750765
22.67	-33.81741898
22.68	-34.18379469
22.69	-34.6493903
22.70	-32.63682839
22.71	-37.87181381
22.72	-32.38598733
22.73	-39.38167471
22.74	-40.16497299
22.75	-35.31008222
22.76	-34.77856668
22.77	-40.07731166
22.78	-37.9255533
22.79	-38.12981573
22.80	-36.22889747
22.81	-40.3623609
22.82	-35.63848829
22.83	-38.50697108
22.84	-40.91269192
22.85	-41.05949211
22.86	-43.97014269
22.87	-44.38665225
22.88	-43.7539522
22.89	-51.62495459
22.90	-36.63568141
22.91	-38.98053489
22.92	-44.04989388
22.93	-37.51258772
22.94	-37.93644312
22.95	-39.76683867
22.96	-38.34495961
22.97	-43.05741252
22.98	-38.53208198
22.99	-31.8270012
23.00	-36.77967615
23.01	-35.77812763
23.02	-34.2389001
23.03	-41.84905425
23.04	-36.27682003
23.05	-40.23176673
23.06	-34.97480043
23.07	-34.7547347
23.08	-37.54902868
23.09	-38.91527486
23.10	-44.57424713
23.11	-38.69958772
23.12	-40.80502175
23.13	-46.26183293
23.14	-40.04514842
23.15	-39.68824976
23.16	-55.43702796
23.17	-49.15967902
23.18	-52.72481262
23.19	-53.21978967
23.20	-51.22025741
23.21	-50.14569622
23.22	-50.60758102
23.23	-58.85464269
23.24	-53.55265846
23.25	-58.6358848
23.26	-54.03746797
23.27	-52.8622022
23.28	-41.52204804
23.29	-55.66098279
23.30	-59.09013647
23.31	-47.16507194
23.32	-43.64770961
23.33	-57.15777892
23.34	-57.65271582
23.35	-52.34783054
23.36	-52.7283229
23.37	-51.1174412
23.38	-48.43087691
23.39	-57.76650239
23.40	-55.61793403
23.41	-59.71763791
23.42	-55.91623375
23.43	-49.92291754
23.44	-60.01182553
23.45	-61.02298088
23.46	-55.9919185
23.47	-51.71522897
23.48	-56.00078442
23.49	-43.09453107
23.50	-60.74726147
23.51	-61.24016898
23.52	-55.76649402
23.53	-49.98714579
23.54	-49.34980473
23.55	-62.7867825
23.56	-55.51542065
23.57	-56.3250282
23.58	-38.06882983
23.59	-49.54270961
23.60	-45.68462309
23.61	-46.64697514
23.62	-47.39639197
23.63	-45.36165559
23.64	-47.96941707
23.65	-43.73886831
23.66	-43.32969479
23.67	-45.72123829
23.68	-59.55542567
23.69	-50.33127414
23.70	-48.71654135
23.71	-56.40968069
23.72	-50.00356238
23.73	-55.51239364
23.74	-54.60570459
23.75	-56.77352677
23.76	-53.67818069
23.77	-57.03290607
23.78	-52.82971869
23.79	-53.54745244
23.80	-65.65528872
23.81	-62.08068953
23.82	-55.48185588
23.83	-54.57231166
23.84	-54.1404173
23.85	-60.55750574
23.86	-53.40300096
23.87	-47.71802438
23.88	-54.69164101
23.89	-56.98760014
23.90	-59.47277127
23.91	-62.07988743
23.92	-58.50578227
23.93	-62.21559178
23.94	-55.26500167
23.95	-50.97249737
23.96	-39.15410014
23.97	-43.23159393
23.98	-39.28262022
23.99	-42.71898016
24.00	-41.27297682
24.01	-40.7081771
24.02	-39.02708461
24.03	-38.65815129
24.04	-43.22934202
24.05	-41.20344407
24.06	-38.83853967
24.07	-43.5523021
24.08	-38.59936066
24.09	-43.01955569
24.10	-39.39596152
24.11	-39.660875
24.12	-40.96540679
24.13	-40.21560253
24.14	-42.83952629
24.15	-37.50152032
24.16	-58.82889914
24.17	-62.03564077
24.18	-52.9464663
24.19	-60.2217065
24.20	-41.098837
24.21	-43.50557576
24.22	-41.40542519
24.23	-50.90017304
24.24	-45.44007027
24.25	-43.81560182
24.26	-38.8010674
24.27	-54.99409632
24.28	-56.47146893
24.29	-40.23343786
24.30	-56.78032815
24.31	-61.52692208
24.32	-59.33301912
24.33	-62.09001482
24.34	-59.86949474
24.35	-59.97538528
24.36	-41.5352261
24.37	-39.62866085
24.38	-45.55014221
24.39	-47.65753083
24.40	-46.65673614
24.41	-42.05909058
24.42	-38.70772228
24.43	-43.94619861
24.44	-47.88967471
24.45	-50.29360325
24.46	-39.28066611
24.47	-46.81476362
24.48	-47.82489794
24.49	-45.99670053
24.50	-44.36050741
24.51	-40.76071033
24.52	-36.46656931
24.53	-37.17754732
24.54	-44.27156955
24.55	-43.23411233
24.56	-38.01459967
24.57	-40.73968308
24.58	-32.88292089
24.59	-33.91002557
24.60	-38.6455055
24.61	-34.17342925
24.62	-36.15054493
24.63	-38.55251386
24.64	-33.15240416
24.65	-33.83333126
24.66	-35.91982314
24.67	-37.61545339
24.68	-36.38808819
24.69	-38.08771893
24.70	-29.37613671
24.71	-35.54895674
24.72	-37.53513408
24.73	-30.83758867
24.74	-37.1183609
24.75	-36.54973781
24.76	-48.49502271
24.77	-33.92127247
24.78	-37.92400717
24.79	-38.12493427
24.80	-37.70736902
24.81	-36.23201936
24.82	-33.78581453
24.83	-36.45905473
24.84	-34.10774976
24.85	-33.73867137
24.86	-29.11882194
24.87	-33.52781501
24.88	-29.55677677
24.89	-36.56082075
24.90	-34.75328489
24.91	-40.1417684
24.92	-39.96439149
24.93	-29.71229446
24.94	-36.40083246
24.95	-31.40945196
24.96	-37.45750167
24.97	-38.12072012
24.98	-37.30201362
24.99	-38.47525311
25.00	-34.96993451
25.01	-35.37600813
25.02	-31.92866372
25.03	-34.61285707
25.04	-32.84139197
25.05	-36.61227629
25.06	-33.8285662
25.07	-27.32606501
25.08	-34.84964962
25.09	-32.51132672
25.10	-40.67037835
25.11	-39.73497538
25.12	-41.18311329
25.13	-31.12535946
25.14	-30.07643953
25.15	-25.32799857
25.16	-27.51172514
25.17	-32.59296224
25.18	-27.11040535
25.19	-29.3709608
25.20	-28.76734321
25.21	-40.31008748
25.22	-33.33106931
25.23	-36.24720244
25.24	-37.23551625
25.25	-31.59945865
25.26	-36.39820674
25.27	-28.57878155
25.28	-37.43452032
25.29	-33.02012978
25.30	-36.84287954
25.31	-39.90789579
25.32	-36.13194694
25.33	-37.09338695
25.34	-39.48927653
25.35	-39.37812141
25.36	-39.69918427
25.37	-50.22033795
25.38	-42.12102844
25.39	-51.2518272
25.40	-49.75343523
25.41	-51.05287763
25.42	-49.60539316
25.43	-46.77185899
25.44	-45.77014364
25.45	-44.21694742
25.46	-45.30154493
25.47	-44.82285875
25.48	-39.3390913
25.49	-46.4434945
25.50	-40.74540511
25.51	-47.58839579
25.52	-43.12493021
25.53	-46.20951052
25.54	-53.75457314
25.55	-50.67415942
25.56	-50.38463815
25.57	-47.63210062
25.58	-44.23812691
25.59	-46.44928203
25.60	-47.72062452
25.61	-50.02914914
25.62	-45.66416372
25.63	-53.14134775
25.64	-48.63884321
25.65	-49.88264818
25.66	-52.54774474
25.67	-42.7324412
25.68	-48.28131955
25.69	-53.27450669
25.70	-49.60338193
25.71	-50.10693666
25.72	-41.17131907
25.73	-51.25127271
25.74	-52.40989054
25.75	-49.09980736
25.76	-52.49651816
25.77	-52.35406501
25.78	-49.62781644
25.79	-44.2168088
25.80	-57.38517113
25.81	-53.76967328
25.82	-52.99828752
25.83	-51.47374522
25.84	-50.68380927
25.85	-52.88852199
25.86	-47.81232696
25.87	-45.0981097
25.88	-42.10636592
25.89	-51.18759919
25.90	-45.55891659
25.91	-40.03462333
25.92	-47.79386424
25.93	-49.6983119
25.94	-47.45969001
25.95	-50.0674988
25.96	-50.25944598
25.97	-44.44917161
25.98	-47.85646582
25.99	-50.88585325
26.00	-47.98792902
26.01	-49.04118093
26.02	-45.12917256
26.03	-50.23216157
26.04	-42.07931095
26.05	-46.01051338
26.06	-51.07912643
26.07	-51.89757959
26.08	-51.20151219
26.09	-51.17786711
26.10	-45.46899044
26.11	-43.19981166
26.12	-50.64553848
26.13	-51.01754804
26.14	-46.41505545
26.15	-51.12197968
26.16	-47.53601482
26.17	-49.86534895
26.18	-40.77145435
26.19	-40.64825621
26.20	-52.95430354
26.21	-49.08974713
26.22	-44.42315057
26.23	-43.64097012
26.24	-49.48556573
26.25	-50.88732481
26.26	-50.80747706
26.27	-51.9425956
26.28	-46.02558795
26.29	-49.38047753
26.30	-41.66024689
26.31	-42.89704111
26.32	-49.38232648
26.33	-46.91832361
26.34	-48.03369073
26.35	-50.51454374
26.36	-51.74163647
26.37	-46.37145626
26.38	-51.63035923
26.39	-52.23533341
26.40	-46.83589221
26.41	-49.52005139
26.42	-51.63973733
26.43	-50.18658748
26.44	-45.94857935
26.45	-47.61754756
26.46	-47.47962237
26.47	-51.40010445
26.48	-49.50616922
26.49	-50.09705903
26.50	-53.03618093
26.51	-50.42615846
26.52	-51.50672443
26.53	-49.81466754
26.54	-54.64881142
26.55	-49.80417137
26.56	-49.20251219
26.57	-46.40690272
26.58	-52.91567328
26.59	-52.04643858
26.60	-49.27408533
26.61	-53.7286305
26.62	-48.07540249
26.63	-37.82712261
26.64	-46.87449116
26.65	-47.80232529
26.66	-48.90600359
26.67	-48.82944503
26.68	-53.10123853
26.69	-54.01784202
26.70	-46.48762141
26.71	-52.44225359
26.72	-42.78884011
26.73	-54.27566396
26.74	-56.1234381
26.75	-43.11786974
26.76	-36.7943934
26.77	-51.99510588
26.78	-51.80613265
26.79	-48.32724163
26.80	-51.09603179
26.81	-53.4819663
26.82	-54.42798566
26.83	-49.65772682
26.84	-54.16045913
26.85	-52.47452701
26.86	-37.98867495
26.87	-45.69878489
26.88	-39.83982935
26.89	-48.63902486
26.90	-50.2395576
26.91	-62.39873733
26.92	-48.83054469
26.93	-49.64158915
26.94	-53.60313599
26.95	-51.18178227
26.96	-50.96538217
26.97	-51.9186881
26.98	-53.27731836
26.99	-53.18242878
27.00	-50.2833738
27.01	-52.42071439
27.02	-48.27544049
27.03	-48.03145674
27.04	-46.01592352
27.05	-48.21873805
27.06	-46.22514125
27.07	-49.17118499
27.08	-52.21309632
27.09	-46.03356931
27.10	-49.87275048
27.11	-50.29036472
27.12	-44.97778083
27.13	-35.01939173
27.14	-30.41326219
27.15	-25.06581142
27.16	-30.29865416
27.17	-29.18500263
27.18	-48.07521821
27.19	-46.47422156
27.20	-51.17411998
27.21	-47.87001434
27.22	-51.91312835
27.23	-50.0922739
27.24	-48.89632457
27.25	-49.82751554
27.26	-48.5836489
27.27	-52.64160779
27.28	-47.74249904
27.29	-45.27164006
27.30	-49.72799785
27.31	-50.83490201
27.32	-43.66654971
27.33	-46.29320937
27.34	-42.29819479
27.35	-49.40825072
27.36	-39.30427366
27.37	-44.00468284
27.38	-45.00079111
27.39	-43.32474044
27.40	-47.95015942
27.41	-46.44638265
27.42	-47.79806573
27.43	-45.03103346
27.44	-47.99570578
27.45	-47.16386305
27.46	-47.65807218
27.47	-42.70682529
27.48	-46.7689761
27.49	-43.87672108
27.50	-51.52889221
27.51	-43.33470578
27.52	-48.12587237
27.53	-49.00279135
27.54	-42.16475717
27.55	-47.43177247
27.56	-51.78776482
27.57	-46.70676123
27.58	-42.62812596
27.59	-51.34622825
27.60	-42.54557935
27.61	-44.00374379
27.62	-48.3986489
27.63	-33.39468595
27.64	-50.07259321
27.65	-52.12039101
27.66	-50.31787189
27.67	-41.03457887
27.68	-48.18570602
27.69	-52.35407768
27.70	-54.30100837
27.71	-48.7286838
27.72	-43.72912548
27.73	-43.88342208
27.74	-44.89852557
27.75	-48.25853322
27.76	-49.06639938
27.77	-47.09778059
27.78	-46.25549283
27.79	-53.18252916
27.80	-44.99150406
27.81	-46.63299092
27.82	-45.72163217
27.83	-49.31393547
27.84	-48.27205282
27.85	-41.22138886
27.86	-44.58302342
27.87	-50.05164364
27.88	-48.24369575
27.89	-48.2675141
27.90	-45.32167041
27.91	-50.65587189
27.92	-44.93409226
27.93	-43.24632194
27.94	-45.29889723
27.95	-49.91175621
27.96	-51.97605234
27.97	-52.35589221
27.98	-46.19128848
27.99	-37.16973399
28.00	-29.49087309
28.01	-32.46522921
28.02	-33.00156238
28.03	-32.38729637
28.04	-33.24169718
28.05	-30.50384011
28.06	-32.43935994
28.07	-33.42435277
28.08	-35.33995483
28.09	-34.51083939
28.10	-30.68770937
28.11	-32.53580951
28.12	-38.36068786
28.13	-37.00477151
28.14	-27.86384154
28.15	-35.74480808
28.16	-32.25895554
28.17	-40.38287859
28.18	-41.45627988
28.19	-40.26488456
28.20	-39.65641754
28.21	-39.42891061
28.22	-33.41049379
28.23	-36.81518571
28.24	-49.20931764
28.25	-53.00722968
28.26	-48.92650669
28.27	-35.88998829
28.28	-46.23901601
28.29	-41.77051386
28.30	-44.35477988
28.31	-40.08884417
28.32	-38.17496104
28.33	-34.67696773
28.34	-49.30605091
28.35	-40.1848597
28.36	-32.33488576
28.37	-31.69147729
28.38	-37.09095531
28.39	-38.98883461
28.40	-31.29492113
28.41	-44.33241874
28.42	-36.37628131
28.43	-34.34285468
28.44	-33.51335994
28.45	-35.5024988
28.46	-26.06271056
28.47	-39.63696558
28.48	-38.25173924
28.49	-31.13392639
28.50	-36.29321582
28.51	-27.19688337
28.52	-35.24037022
28.53	-37.30135612
28.54	-40.16444336
28.55	-39.10503872
28.56	-33.93731071
28.57	-38.6724608
28.58	-40.32638289
28.59	-37.07851171
28.60	-33.62298518
28.61	-38.89367686
28.62	-33.54144694
28.63	-43.51725215
28.64	-39.83509393
28.65	-38.49274594
28.66	-35.42017447
28.67	-37.21025311
28.68	-41.51512859
28.69	-39.3594675
28.70	-37.95394097
28.71	-35.21243571
28.72	-38.16302103
28.73	-36.22855736
28.74	-40.01095363
28.75	-39.29304015
28.76	-37.11070148
28.77	-35.17597538
28.78	-35.21290057
28.79	-30.55202701
28.80	-35.67642185
28.81	-31.66783293
28.82	-38.17781931
28.83	-31.93184608
28.84	-33.17251434
28.85	-28.85347897
28.86	-31.88377127
28.87	-32.44596773
28.88	-36.37202605
28.89	-35.54046128
28.90	-30.91593595
28.91	-31.74959034
28.92	-24.79251219
28.93	-29.6604032
28.94	-20.35347729
28.95	-25.55187859
28.96	-27.0547347
28.97	-24.36204159
28.98	-25.01583246
28.99	-26.76257075
29.00	-26.06232887
29.01	-25.28700813
29.02	-27.24745244
29.03	-21.7170815
29.04	-29.08047204
29.05	-25.86360014
29.06	-26.57601721
29.07	-24.06497897
29.08	-26.15391587
29.09	-24.24643881
29.10	-22.13498877
29.11	-16.28044503
29.12	-23.62222467
29.13	-25.63063815
29.14	-21.74227749
29.15	-27.79469025
29.16	-26.96494168
29.17	-25.97309202
29.18	-23.12013886
29.19	-21.88394861
29.20	-23.4457598
29.21	-23.4391967
29.22	-23.2940325
29.23	-29.33813647
29.24	-24.50106214
29.25	-27.9360337
29.26	-30.00550263
29.27	-28.43856047
29.28	-31.22444598
29.29	-27.1080325
29.30	-28.89921941
29.31	-29.04871367
29.32	-29.7939271
29.33	-28.94672562
29.34	-30.85335349
29.35	-27.06862309
29.36	-28.61532576
29.37	-30.12806047
29.38	-27.55230617
29.39	-31.9888934
29.40	-28.02639603
29.41	-29.42627749
29.42	-25.10354756
29.43	-25.69710038
29.44	-27.37057768
29.45	-28.26076721
29.46	-30.03590057
29.47	-24.38708676
29.48	-21.35921056
29.49	-27.53321056
29.50	-27.7801195
29.51	-28.1998413
29.52	-25.55001386
29.53	-25.65451793
29.54	-26.05849283
29.55	-29.23213384
29.56	-26.29976195
29.57	-29.32716635
29.58	-31.37562882
29.59	-29.41142208
29.60	-30.9312923
29.61	-29.12220841
29.62	-26.46482194
29.63	-28.89157266
29.64	-29.93549761
29.65	-27.85872873
29.66	-26.64681095
29.67	-29.85698948
29.68	-27.47517663
29.69	-28.32296009
29.70	-31.69391993
29.71	-30.13622825
29.72	-31.43000741
29.73	-34.70361018
29.74	-36.71748972
29.75	-37.80745363
29.76	-37.67428752
29.77	-39.24214293
29.78	-31.88914508
29.79	-34.10987787
29.80	-36.69190272
29.81	-32.98245315
29.82	-38.98684082
29.83	-41.23565918
29.84	-37.80192495
29.85	-37.65214149
29.86	-33.53835516
29.87	-34.38441109
29.88	-43.39087572
29.89	-32.77175406
29.90	-33.1064847
29.91	-21.48428872
29.92	-27.28560134
29.93	-35.23050167
29.94	-33.82420124
29.95	-37.14627127
29.96	-31.00929469
29.97	-30.67816826
29.98	-29.0096348
29.99	-32.79842806
30.00	-40.19241444
30.01	-36.77887213
30.02	-36.74708078
30.03	-35.39695626
30.04	-35.88068332
30.05	-38.35223877
30.06	-32.04232457
30.07	-32.31701195
30.08	-38.6220282
30.09	-40.01488886
30.10	-25.48939866
30.11	-35.97603346
30.12	-34.62506525
30.13	-43.31065416
30.14	-39.05354135
30.15	-35.5631881
30.16	-40.24040535
30.17	-44.63946176
30.18	-39.61630402
30.19	-41.67668905
30.20	-35.20536233
30.21	-39.31553011
30.22	-33.72522419
30.23	-37.9867261
30.24	-36.32143021
30.25	-33.0580717
30.26	-37.28431501
30.27	-39.03391157
30.28	-46.04403609
30.29	-35.79362189
30.30	-41.10843403
30.31	-42.06566874
30.32	-41.80067041
30.33	-44.90208652
30.34	-48.50107672
30.35	-36.55417615
30.36	-34.98234202
30.37	-38.80405067
30.38	-29.61633485
30.39	-34.33545363
30.40	-33.98420172
30.41	-37.23761042
30.42	-32.50518786
30.43	-31.12834799
30.44	-27.3011446
30.45	-29.03381501
30.46	-32.12934058
30.47	-28.31858628
30.48	-30.52787882
30.49	-27.50259417
30.50	-31.80952605
30.51	-30.54446678
30.52	-30.99964938
30.53	-30.33897658
30.54	-30.59205951
30.55	-31.43231095
30.56	-31.02547849
30.57	-36.23976171
30.58	-33.27703203
30.59	-34.44284321
30.60	-33.73144407
30.61	-30.81877151
30.62	-31.38198279
30.63	-27.74160182
30.64	-35.23489532
30.65	-39.61759584
30.66	-36.01600837
30.67	-33.11417782
30.68	-41.32332911
30.69	-37.0955239
30.70	-36.19094933
30.71	-32.54126936
30.72	-37.05205927
30.73	-35.25151362
30.74	-35.99343547
30.75	-40.10103776
30.76	-38.99205043
30.77	-33.69711926
30.78	-37.94723996
30.79	-35.29618403
30.80	-35.99757122
30.81	-35.39158413
30.82	-42.20826123
30.83	-34.95953967
30.84	-33.67059871
30.85	-31.57143642
30.86	-36.38491802
30.87	-34.17354159
30.88	-37.97842495
30.89	-43.1792696
30.90	-38.92627581
30.91	-38.70963576
30.92	-48.69103298
30.93	-47.98790703
30.94	-45.24738623
30.95	-44.65717113
30.96	-40.81808867
30.97	-43.59811687
30.98	-43.77096319
30.99	-39.70956812
31.00	-39.07523518
31.01	-43.00216324
31.02	-38.42623709
31.03	-40.96637763
31.04	-36.19154995
31.05	-41.09615846
31.06	-38.45890798
31.07	-38.29020053
31.08	-41.37568714
31.09	-40.03203872
31.10	-34.10279469
31.11	-35.80700335
31.12	-34.70790631
31.13	-36.21003633
31.14	-36.88344264
31.15	-40.26889986
31.16	-45.67777414
31.17	-47.07220459
31.18	-46.16364293
31.19	-40.94545148
31.20	-37.94021965
31.21	-42.09084273
31.22	-40.70753442
31.23	-38.84033126
31.24	-42.95929254
31.25	-42.19549522
31.26	-43.59085373
31.27	-45.75655903
31.28	-41.49418977
31.29	-32.30565894
31.30	-35.34042663
31.31	-38.07716205
31.32	-45.10695339
31.33	-43.18168547
31.34	-44.51022873
31.35	-38.93856166
31.36	-41.86763886
31.37	-46.06148303
31.38	-39.53620985
31.39	-35.85400143
31.40	-30.59557792
31.41	-33.16363241
31.42	-35.57400956
31.43	-33.61572514
31.44	-33.01652749
31.45	-31.8442414
31.46	-32.63354541
31.47	-34.99891946
31.48	-38.05445626
31.49	-36.55550167
31.50	-36.74905569
31.51	-35.4262065
31.52	-38.64383963
31.53	-35.20511711
31.54	-39.13508222
31.55	-40.18026458
31.56	-40.91777581
31.57	-42.85812739
31.58	-37.23116085
31.59	-44.96365249
31.60	-39.6431728
31.61	-36.9009032
31.62	-35.04487141
31.63	-38.34516348
31.64	-36.13210588
31.65	-36.72639914
31.66	-36.7834173
31.67	-42.45257146
31.68	-35.66892113
31.69	-39.60886066
31.70	-40.50180234
31.71	-36.67826793
31.72	-42.85414866
31.73	-40.07801362
31.74	-42.8791501
31.75	-43.26977199
31.76	-43.19833293
31.77	-33.49797084
31.78	-40.49476386
31.79	-45.54486496
31.80	-42.12980115
31.81	-34.59862954
31.82	-35.57408604
31.83	-42.43122586
31.84	-47.39909584
31.85	-43.91638862
31.86	-46.88644049
31.87	-47.69688504
31.88	-45.57074928
31.89	-40.35640631
31.90	-41.66337763
31.91	-41.29188982
31.92	-40.61555234
31.93	-31.48410325
31.94	-37.31677629
31.95	-29.92170411
31.96	-40.72955832
31.97	-36.19848924
31.98	-36.67426147
31.99	-35.54792567
32.00	-33.92362978
32.01	-33.41719383
32.02	-34.88417758
32.03	-35.21513695
32.04	-32.67529637
32.05	-36.5515968
32.06	-35.46821917
32.07	-28.66164436
32.08	-32.46082361
32.09	-30.8976293
32.10	-28.03440488
32.11	-32.16990631
32.12	-34.51555115
32.13	-33.98475765
32.14	-30.9304945
32.15	-30.39231668
32.16	-35.9226348
32.17	-35.08552868
32.18	-36.36485086
32.19	-36.57727032
32.20	-29.8492512
32.21	-28.91237906
32.22	-34.75103872
32.23	-32.24102175
32.24	-32.54519551
32.25	-28.36069264
32.26	-32.99956764
32.27	-36.69024426
32.28	-31.0322586
32.29	-34.50664006
32.30	-30.57995029
32.31	-31.47958939
32.32	-30.82963289
32.33	-28.5102751
32.34	-37.49537046
32.35	-35.51328537
32.36	-34.25761711
32.37	-31.90578776
32.38	-38.48885229
32.39	-39.40089412
32.40	-33.17149857
32.41	-33.31642519
32.42	-29.13071367
32.43	-33.07738408
32.44	-31.9993162
32.45	-34.59148423
32.46	-39.1397978
32.47	-37.81605688
32.48	-34.70774235
32.49	-35.18575024
32.50	-36.01951315
32.51	-39.53969742
32.52	-33.91514388
32.53	-35.87552653
32.54	-35.07362859
32.55	-33.2268456
32.56	-34.11732409
32.57	-35.97479159
32.58	-38.53078896
32.59	-36.09593475
32.60	-34.85588528
32.61	-35.11662691
32.62	-40.31588695
32.63	-36.53127342
32.64	-38.92299187
32.65	-39.19004876
32.66	-35.84912261
32.67	-35.19901577
32.68	-36.92327103
32.69	-34.09919694
32.70	-39.1068021
32.71	-37.43436353
32.72	-39.76982457
32.73	-37.10898829
32.74	-33.77232433
32.75	-37.2733076
32.76	-34.99219885
32.77	-46.58734417
32.78	-47.67896941
32.79	-43.18837596
32.80	-40.64589293
32.81	-41.17311448
32.82	-36.78423685
32.83	-38.15062763
32.84	-33.64403967
32.85	-35.17657696
32.86	-37.5317488
32.87	-35.72073853
32.88	-33.40163958
32.89	-34.7091783
32.90	-44.73049283
32.91	-42.96821941
32.92	-52.98890583
32.93	-44.99383652
32.94	-37.18588026
32.95	-44.8716293
32.96	-36.01940703
32.97	-40.14558676
32.98	-36.08723207
32.99	-35.67819479
33.00	-37.41264245
33.01	-35.35004732
33.02	-43.76833126
33.03	-37.59445148
33.04	-38.89211305
33.05	-46.79352557
33.06	-40.26753227
33.07	-35.68874211
33.08	-46.98079039
33.09	-44.38535755
33.10	-52.45399857
33.11	-45.40632887
33.12	-44.30976099
33.13	-44.74256405
33.14	-36.43754565
33.15	-44.7915827
33.16	-37.62879207
33.17	-40.02415368
33.18	-39.73931525
33.19	-34.03614125
33.20	-39.78530306
33.21	-41.96820531
33.22	-36.42194359
33.23	-29.19037357
33.24	-33.81165535
33.25	-31.76947443
33.26	-34.92963838
33.27	-34.5888499
33.28	-36.54960827
33.29	-35.93760827
33.30	-34.49153083
33.31	-35.10421176
33.32	-34.47461401
33.33	-35.98914149
33.34	-39.85405593
33.35	-34.85628035
33.36	-38.79538265
33.37	-37.01647299
33.38	-40.16116922
33.39	-32.49485086
33.40	-34.94293045
33.41	-31.74578489
33.42	-40.60423399
33.43	-32.38888958
33.44	-39.88420626
33.45	-34.70879637
33.46	-35.05733963
33.47	-39.90192017
33.48	-32.6610086
33.49	-41.63224211
33.50	-34.86219646
33.51	-34.15750215
33.52	-29.27122753
33.53	-40.19074307
33.54	-39.6565251
33.55	-41.17197467
33.56	-42.98103561
33.57	-42.33540631
33.58	-34.60653681
33.59	-30.10459704
33.60	-38.65860421
33.61	-35.76325287
33.62	-39.58459393
33.63	-40.3080925
33.64	-37.94218284
33.65	-40.66893236
33.66	-43.60180664
33.67	-36.36320865
33.68	-39.78305664
33.69	-43.04922514
33.70	-40.45804924
33.71	-41.1639816
33.72	-32.98442447
33.73	-38.85893069
33.74	-32.97414197
33.75	-39.52912309
33.76	-37.78555282
33.77	-41.91876291
33.78	-42.71281525
33.79	-45.61012715
33.80	-39.00562046
33.81	-41.64317543
33.82	-36.71001434
33.83	-39.90720005
33.84	-49.62274379
33.85	-49.28021941
33.86	-50.53546463
33.87	-54.61566969
33.88	-54.36419001
33.89	-52.86439006
33.90	-49.32223399
33.91	-48.87696845
33.92	-53.04493738
33.93	-54.46878394
33.94	-47.15621152
33.95	-46.44337022
33.96	-46.50963886
33.97	-48.98587787
33.98	-42.84674259
33.99	-43.1284859
34.00	-44.75482146
34.01	-39.9477751
34.02	-48.38303991
34.03	-48.57837811
34.04	-43.44415559
34.05	-49.17901793
34.06	-47.18873877
34.07	-50.46680378
34.08	-51.95538002
34.09	-51.09449283
34.10	-52.97037548
34.11	-53.3093695
34.12	-51.43036472
34.13	-47.45722634
34.14	-53.57352079
34.15	-51.92867973
34.16	-56.56787572
34.17	-60.87728394
34.18	-49.42756119
34.19	-50.9054044
34.20	-53.32531573
34.21	-58.443538
34.22	-49.02757959
34.23	-52.63648207
34.24	-53.99521463
34.25	-53.95091707
34.26	-59.06516969
34.27	-52.72748231
34.28	-51.67841515
34.29	-55.60002964
34.30	-59.16480951
34.31	-57.32036496
34.32	-55.94166205
34.33	-53.35882194
34.34	-59.76826649
34.35	-56.18162141
34.36	-56.91864747
34.37	-50.68852462
34.38	-50.26864723
34.39	-60.47669336
34.40	-50.48137859
34.41	-52.80576195
34.42	-61.04277462
34.43	-53.17140225
34.44	-57.71842447
34.45	-52.83353896
34.46	-61.21158795
34.47	-59.99898638
34.48	-52.2298903
34.49	-54.17101888
34.50	-59.3696195
34.51	-60.09916778
34.52	-53.87848877
34.53	-49.91544049
34.54	-59.29315416
34.55	-53.89154302
34.56	-53.79425908
34.57	-57.82714532
34.58	-59.07676315
34.59	-55.93872251
34.60	-59.23974665
34.61	-59.70759967
34.62	-51.19150693
34.63	-52.62886902
34.64	-53.43548614
34.65	-54.1425435
34.66	-59.45223375
34.67	-53.82704159
34.68	-57.15979039
34.69	-54.596837
34.70	-54.96481142
34.71	-60.06829278
34.72	-56.58388958
34.73	-51.68380139
34.74	-54.96808987
34.75	-52.26489914
34.76	-49.44340177
34.77	-53.3720239
34.78	-47.30265822
34.79	-53.37967161
34.80	-54.51636377
34.81	-54.5592684
34.82	-55.15819025
34.83	-51.48340774
34.84	-55.05466635
34.85	-58.17097873
34.86	-47.47642376
34.87	-49.58347514
34.88	-61.51951338
34.89	-62.83589555
34.90	-60.28757218
34.91	-67.63370005
34.92	-46.85083365
34.93	-56.66131597
34.94	-58.79253179
34.95	-53.11211401
34.96	-40.8785294
34.97	-36.4283695
34.98	-36.7180631
34.99	-38.32752175
35.00	-36.84175406
35.01	-40.70363408
35.02	-42.26327366
35.03	-44.85627223
35.04	-31.6749467
35.05	-33.19212141
35.06	-33.65769837
35.07	-32.66182553
35.08	-29.61209226
35.09	-31.7949565
35.10	-30.33968045
35.11	-33.18387524
35.12	-32.68726793
35.13	-30.45414962
35.14	-39.90848399
35.15	-39.47567352
35.16	-42.20354039
35.17	-44.22614125
35.18	-37.19607385
35.19	-37.03830641
35.20	-37.8800086
35.21	-38.53879326
35.22	-33.41908126
35.23	-36.75561568
35.24	-40.78679159
35.25	-31.7471771
35.26	-36.44676291
35.27	-41.31816778
35.28	-35.8055098
35.29	-37.94138838
35.30	-36.51906334
35.31	-44.19202581
35.32	-41.33148805
35.33	-41.01024211
35.34	-45.74588074
35.35	-41.98249928
35.36	-44.59296319
35.37	-43.22946415
35.38	-44.96381119
35.39	-43.7534142
35.40	-43.86127055
35.41	-33.67294001
35.42	-34.82827533
35.43	-32.43838934
35.44	-39.54373255
35.45	-25.16323184
35.46	-32.06681286
35.47	-42.42412357
35.48	-38.80508819
35.49	-33.19147682
35.50	-33.8109902
35.51	-34.14810851
35.52	-23.77265416
35.53	-35.16624809
35.54	-34.19177725
35.55	-32.0822696
35.56	-34.45207839
35.57	-34.60834943
35.58	-36.7442892
35.59	-35.50822706
35.60	-36.93564221
35.61	-39.85233007
35.62	-36.39385301
35.63	-39.70930999
35.64	-33.77199618
35.65	-37.22297538
35.66	-39.25427247
35.67	-41.51927079
35.68	-42.10071128
35.69	-36.33020315
35.70	-38.81804924
35.71	-38.69803967
35.72	-41.06327964
35.73	-43.50231883
35.74	-45.02805378
35.75	-44.42035707
35.76	-42.80147204
35.77	-36.08480497
35.78	-42.14451458
35.79	-38.64176028
35.80	-37.60435731
35.81	-44.75468284
35.82	-41.79895817
35.83	-44.52742949
35.84	-38.58322299
35.85	-43.49791515
35.86	-42.13028776
35.87	-39.91715272
35.88	-35.79671248
35.89	-33.92627271
35.90	-35.14114986
35.91	-38.21435445
35.92	-37.92301052
35.93	-40.11353489
35.94	-41.39364651
35.95	-38.74855712
35.96	-42.18643619
35.97	-42.30126721
35.98	-40.06383795
35.99	-38.67347299
36.00	-41.21660038
36.01	-38.64101888
36.02	-38.29394049
36.03	-34.86005856
36.04	-42.38279111
36.05	-41.01390918
36.06	-41.82358963
36.07	-33.40535779
36.08	-40.62695985
36.09	-39.7905619
36.10	-39.91404924
36.11	-41.5280674
36.12	-37.43710516
36.13	-35.88327988
36.14	-35.63248638
36.15	-36.74630043
36.16	-34.48938002
36.17	-34.00651912
36.18	-36.07888074
36.19	-37.65148231
36.20	-43.59853609
36.21	-31.20166348
36.22	-34.50718977
36.23	-28.73911233
36.24	-36.14488862
36.25	-31.77762524
36.26	-34.04789245
36.27	-31.31641898
36.28	-41.00973781
36.29	-35.66143045
36.30	-37.29082098
36.31	-44.0075294
36.32	-38.1465533
36.33	-33.05241611
36.34	-32.4348738
36.35	-38.59942902
36.36	-39.56682242
36.37	-42.66079159
36.38	-33.58791707
36.39	-29.28698542
36.40	-35.85897036
36.41	-42.95881214
36.42	-41.46954493
36.43	-47.25135325
36.44	-46.91239747
36.45	-34.51319001
36.46	-35.43574857
36.47	-35.15656214
36.48	-30.22466898
36.49	-44.99667902
36.50	-41.13771176
36.51	-40.17401195
36.52	-41.02407505
36.53	-41.34661185
36.54	-42.68862691
36.55	-47.04892424
36.56	-48.56483246
36.57	-48.12529613
36.58	-51.76052199
36.59	-38.95051147
36.60	-40.90351625
36.61	-38.62555856
36.62	-41.41732075
36.63	-40.96236329
36.64	-38.00440655
36.65	-34.68777366
36.66	-41.78418069
36.67	-42.94647992
36.68	-40.60606836
36.69	-45.17952749
36.70	-44.96973016
36.71	-43.49953633
36.72	-44.15753322
36.73	-46.7614032
36.74	-44.02886185
36.75	-41.93765488
36.76	-46.26135158
36.77	-42.91616467
36.78	-42.49623088
36.79	-45.16742495
36.80	-40.89400335
36.81	-36.35617734
36.82	-38.58848924
36.83	-45.43024904
36.84	-31.64369336
36.85	-39.2774087
36.86	-34.78610755
36.87	-32.60342161
36.88	-34.47677342
36.89	-33.87248399
36.90	-33.8055153
36.91	-29.74172921
36.92	-32.82587476
36.93	-29.08694097
36.94	-27.56134226
36.95	-34.054212
36.96	-33.05506381
36.97	-20.00481668
36.98	-31.80246654
36.99	-31.8626109
37.00	-30.07859704
37.01	-26.56941252
37.02	-27.25323446
37.03	-39.79329541
37.04	-34.96713432
37.05	-30.6635141
37.06	-30.81128705
37.07	-32.20882911
37.08	-33.67715583
37.09	-32.54735445
37.10	-44.04084584
37.11	-38.2421924
37.12	-35.49469144
37.13	-37.21360086
37.14	-41.43204159
37.15	-40.79082959
37.16	-36.29055425
37.17	-40.918
37.18	-37.25864412
37.19	-35.10830186
37.20	-41.61507027
37.21	-46.11271893
37.22	-46.61520865
37.23	-46.92935206
37.24	-42.11101554
37.25	-43.06075478
37.26	-43.21431286
37.27	-47.01046009
37.28	-46.7469706
37.29	-43.33751195
37.30	-53.99968021
37.31	-58.51810158
37.32	-44.51747897
37.33	-46.40235516
37.34	-44.23277151
37.35	-53.36719551
37.36	-60.81270578
37.37	-52.7354945
37.38	-55.93538384
37.39	-56.37137524
37.40	-45.65879924
37.41	-43.52077055
37.42	-36.38793595
37.43	-35.89733963
37.44	-33.99340559
37.45	-42.45532672
37.46	-45.68296726
37.47	-39.74723996
37.48	-36.17018451
37.49	-36.4429718
37.50	-46.8376207
37.51	-46.61557314
37.52	-45.14434465
37.53	-50.8221011
37.54	-38.15417519
37.55	-43.66755808
37.56	-44.14213408
37.57	-44.42235014
37.58	-40.78970985
37.59	-52.30172419
37.60	-47.89457433
37.61	-50.10006764
37.62	-43.08542639
37.63	-58.09899546
37.64	-43.57208843
37.65	-46.88093164
37.66	-45.84134465
37.67	-59.59429828
37.68	-56.16074976
37.69	-44.58695483
37.70	-48.23826195
37.71	-45.08399235
37.72	-44.86815033
37.73	-50.39510134
37.74	-51.57707218
37.75	-50.28807839
37.76	-50.9447696
37.77	-52.25857361
37.78	-51.48918619
37.79	-50.45379326
37.80	-47.42428896
37.81	-46.29909728
37.82	-43.80399713
37.83	-35.22299641
37.84	-39.26305425
37.85	-40.57280115
37.86	-41.13010779
37.87	-39.92118069
37.88	-44.50704661
37.89	-37.14854302
37.90	-39.32484058
37.91	-39.32405115
37.92	-41.0594467
37.93	-35.30668427
37.94	-43.18470148
37.95	-47.09024235
37.96	-38.70275311
37.97	-45.80638886
37.98	-44.57488695
37.99	-47.30001601
38.00	-41.79979685
38.01	-33.09157242
38.02	-40.76183078
38.03	-36.11910923
38.04	-36.65034034
38.05	-38.14758533
38.06	-42.26175096
38.07	-42.29691659
38.08	-39.84667734
38.09	-38.3445619
38.10	-38.82956812
38.11	-32.41587691
38.12	-30.71239316
38.13	-28.35799259
38.14	-36.37618905
38.15	-31.93856477
38.16	-36.36781214
38.17	-45.38871941
38.18	-42.75487357
38.19	-43.83735946
38.20	-46.89521678
38.21	-43.11467137
38.22	-45.16668475
38.23	-37.23955425
38.24	-39.4144988
38.25	-42.56835253
38.26	-47.34883389
38.27	-37.55107027
38.28	-45.31180019
38.29	-34.05032529
38.30	-34.82078657
38.31	-41.24492447
38.32	-34.85397801
38.33	-35.27841874
38.34	-39.84383987
38.35	-36.00929446
38.36	-40.71139197
38.37	-41.80096033
38.38	-42.00753944
38.39	-40.54179111
38.40	-40.42681597
38.41	-40.46131047
38.42	-38.16717686
38.43	-37.96874474
38.44	-40.09567758
38.45	-40.99529159
38.46	-47.15582337
38.47	-41.16362882
38.48	-41.15991228
38.49	-40.11850741
38.50	-42.18500837
38.51	-38.59377175
38.52	-39.59228155
38.53	-43.30386902
38.54	-39.98109823
38.55	-48.45772371
38.56	-40.62394407
38.57	-42.14430306
38.58	-41.1463131
38.59	-41.93932146
38.60	-45.65939173
38.61	-41.74547945
38.62	-38.54740105
38.63	-45.29933126
38.64	-48.76950048
38.65	-39.15540201
38.66	-39.3240913
38.67	-46.69765105
38.68	-43.91950693
38.69	-51.59945507
38.70	-50.83169981
38.71	-41.11365105
38.72	-41.08504637
38.73	-42.08551243
38.74	-41.66574283
38.75	-45.82968905
38.76	-40.67636879
38.77	-45.09395387
38.78	-46.63132242
38.79	-44.92822419
38.80	-40.8197261
38.81	-39.08837333
38.82	-44.1643511
38.83	-53.99973112
38.84	-48.32084154
38.85	-49.21512882
38.86	-37.97182385
38.87	-40.08381429
38.88	-45.98072706
38.89	-40.85704326
38.90	-31.00804732
38.91	-35.73636305
38.92	-47.52703967
38.93	-38.8550184
38.94	-25.44764364
38.95	-29.20003776
38.96	-32.1458174
38.97	-26.7890717
38.98	-28.39727605
38.99	-29.58262739
39.00	-29.57610277
39.01	-25.63875669
39.02	-29.55679135
39.03	-29.82564436
39.04	-27.41160564
39.05	-27.13650765
39.06	-31.25572825
39.07	-24.98977414
39.08	-25.98885062
39.09	-28.96247897
39.10	-28.21435946
39.11	-30.33510086
39.12	-32.91316707
39.13	-30.66382027
39.14	-37.51411138
39.15	-33.28056764
39.16	-36.24394933
39.17	-34.89313169
39.18	-32.78461902
39.19	-42.07644622
39.20	-37.5269804
39.21	-40.96732696
39.22	-37.85230186
39.23	-34.96350191
39.24	-37.34061998
39.25	-36.89914532
39.26	-34.98386472
39.27	-37.35969909
39.28	-37.52180545
39.29	-34.73419527
39.30	-32.87399522
39.31	-32.10489508
39.32	-37.38877605
39.33	-38.01431358
39.34	-33.98268905
39.35	-38.16309489
39.36	-35.98610612
39.37	-36.26306358
39.38	-35.1987077
39.39	-32.2454565
39.40	-35.78990177
39.41	-40.58313815
39.42	-46.58541467
39.43	-40.61298303
39.44	-50.98741324
39.45	-48.69257385
39.46	-40.13898685
39.47	-43.50972036
39.48	-45.9122684
39.49	-43.54709608
39.50	-44.88539269
39.51	-49.92493619
39.52	-48.02594622
39.53	-49.11706095
39.54	-45.0093229
39.55	-50.56072156
39.56	-38.55628489
39.57	-49.56484489
39.58	-46.91144383
39.59	-50.87526243
39.60	-49.51570053
39.61	-45.98331071
39.62	-48.29582529
39.63	-48.32472729
39.64	-43.74726362
39.65	-50.3506979
39.66	-51.28308867
39.67	-51.80295053
39.68	-55.26275884
39.69	-49.59495937
39.70	-48.29518881
39.71	-46.25420722
39.72	-50.6511783
39.73	-53.40646726
39.74	-41.30939484
39.75	-50.78984775
39.76	-49.44749546
39.77	-44.12873351
39.78	-51.72196678
39.79	-51.34986233
39.80	-53.58594431
39.81	-47.81495817
39.82	-53.87897036
39.83	-52.95550526
39.84	-51.39778322
39.85	-50.83512811
39.86	-48.94965918
39.87	-56.43244503
39.88	-51.67901315
39.89	-46.84975765
39.90	-49.09445913
39.91	-52.02304876
39.92	-52.24777868
39.93	-52.07162787
39.94	-51.30986472
39.95	-51.14727677
39.96	-50.89650048
39.97	-54.00179159
39.98	-51.77765177
39.99	-50.26471606
40.00	-47.29823614
40.01	-49.1673468
40.02	-51.31192519
40.03	-49.81568666
40.04	-44.38120196
40.05	-50.46105975
40.06	-50.21424594
40.07	-53.52565129
40.08	-50.68747992
40.09	-50.04943356
40.10	-52.01622729
40.11	-46.7615968
40.12	-43.17351458
40.13	-41.3478609
40.14	-46.55067591
40.15	-52.82047562
40.16	-50.22754446
40.17	-49.70280664
40.18	-51.57236377
40.19	-57.58276052
40.20	-50.92390559
40.21	-42.76611162
40.22	-43.65607003
40.23	-47.50541157
40.24	-38.13355903
40.25	-47.09170841
40.26	-43.82596821
40.27	-44.71436424
40.28	-44.6007512
40.29	-41.27034536
40.30	-43.56149761
40.31	-38.86748016
40.32	-39.94594694
40.33	-43.34478035
40.34	-34.6419988
40.35	-40.12385014
40.36	-40.76653179
40.37	-34.95628298
40.38	-36.21430712
40.39	-39.75822538
40.40	-37.39966037
40.41	-36.39305975
40.42	-39.94578657
40.43	-36.4516305
40.44	-37.97548805
40.45	-43.43003657
40.46	-41.61727486
40.47	-29.84579828
40.48	-31.91881023
40.49	-32.10486783
40.50	-32.96122921
40.51	-36.78817471
40.52	-27.35979732
40.53	-29.31473685
40.54	-36.28336185
40.55	-23.72541348
40.56	-27.61017973
40.57	-27.48730617
40.58	-25.35009106
40.59	-23.95919168
40.60	-27.52149641
40.61	-25.00169264
40.62	-23.21206501
40.63	-21.67790153
40.64	-26.40799952
40.65	-28.3974761
40.66	-25.98307194
40.67	-30.56009034
40.68	-35.09477533
40.69	-41.06059154
40.70	-38.6881434
40.71	-42.12346797
40.72	-45.55543547
40.73	-48.53928011
40.74	-49.56008556
40.75	-49.27736209
40.76	-41.47460134
40.77	-50.60640846
40.78	-52.74044527
40.79	-43.24006573
40.80	-46.73948327
40.81	-47.38492591
40.82	-46.03633915
40.83	-46.09592639
40.84	-50.75186305
40.85	-46.17179374
40.86	-45.77422992
40.87	-44.00651362
40.88	-46.46925621
40.89	-46.74942495
40.90	-50.15591491
40.91	-46.59644861
40.92	-45.69724331
40.93	-47.01756788
40.94	-42.53488647
40.95	-44.72478537
40.96	-39.84355903
40.97	-38.82139914
40.98	-42.09151386
40.99	-45.71116348
41.00	-43.03074976
41.01	-39.57638098
41.02	-39.66507624
41.03	-34.15959656
41.04	-37.79420985
41.05	-39.46276769
41.06	-34.32227366
41.07	-39.1206869
41.08	-38.96154183
41.09	-39.33192854
41.10	-37.14689293
41.11	-41.78571248
41.12	-31.11509536
41.13	-26.17263695
41.14	-21.59419575
41.15	-22.24603991
41.16	-22.8077065
41.17	-21.07500526
41.18	-23.95460923
41.19	-20.92828155
41.20	-18.93780545
41.21	-21.18666539
41.22	-21.30320244
41.23	-20.32360899
41.24	-20.17676482
41.25	-14.22949857
41.26	-19.20805927
41.27	-18.31886735
41.28	-19.3836164
41.29	-29.36704756
41.30	-24.60807409
41.31	-22.95296319
41.32	-26.700174
41.33	-20.9718088
41.34	-24.17722204
41.35	-24.65318762
41.36	-23.5540815
41.37	-30.88856286
41.38	-23.51509393
41.39	-24.18612333
41.40	-22.845462
41.41	-24.52308987
41.42	-27.65020507
41.43	-25.1418989
41.44	-24.20025024
41.45	-24.99006907
41.46	-20.20653728
41.47	-26.90767304
41.48	-26.21731597
41.49	-26.86290846
41.50	-25.2526195
41.51	-24.31108795
41.52	-31.69193595
41.53	-27.340625
41.54	-29.22662572
41.55	-23.6261912
41.56	-28.0895999
41.57	-23.79989866
41.58	-25.82078035
41.59	-22.58948112
41.60	-25.74392304
41.61	-19.33916539
41.62	-13.90764938
41.63	-22.3950521
41.64	-21.76564316
41.65	-16.03141157
41.66	-25.26525693
41.67	-16.97468212
41.68	-18.90110206
41.69	-22.36095483
41.70	-22.09360206
41.71	-22.32633628
41.72	-22.03161114
41.73	-23.97307792
41.74	-26.44219598
41.75	-21.89191228
41.76	-21.33682863
41.77	-25.82440464
41.78	-23.21618642
41.79	-35.23030115
41.80	-36.07243188
41.81	-35.99636783
41.82	-42.6973903
41.83	-35.46230999
41.84	-34.05530306
41.85	-34.1129522
41.86	-41.99116444
41.87	-27.34810516
41.88	-26.88878274
41.89	-29.53902988
41.90	-21.46833054
41.91	-29.40567232
41.92	-25.97039508
41.93	-34.17194885
41.94	-27.2670239
41.95	-25.1489032
41.96	-28.40115583
41.97	-24.24791444
41.98	-29.78624857
41.99	-22.88167017
42.00	-24.1925772
42.01	-30.80242591
42.02	-32.52121415
42.03	-37.79756501
42.04	-32.58562548
42.05	-41.19975526
42.06	-46.46970674
42.07	-43.62742352
42.08	-38.98659632
42.09	-45.86636831
42.10	-38.47465177
42.11	-42.38339269
42.12	-45.83126076
42.13	-40.93492185
42.14	-42.88304326
42.15	-43.98815129
42.16	-40.01912094
42.17	-40.6608891
42.18	-44.96465727
42.19	-47.98128967
42.20	-42.95024546
42.21	-43.48634536
42.22	-37.26684608
42.23	-40.05571056
42.24	-31.40234823
42.25	-34.71194909
42.26	-40.59270602
42.27	-37.79017447
42.28	-34.79931142
42.29	-33.32912667
42.30	-44.87439388
42.31	-40.5818327
42.32	-38.72609728
42.33	-34.93517615
42.34	-37.38613384
42.35	-35.79431836
42.36	-32.15328107
42.37	-37.46605473
42.38	-40.19865607
42.39	-32.51207959
42.40	-28.29074952
42.41	-37.80872299
42.42	-30.00402342
42.43	-34.75536568
42.44	-28.06104995
42.45	-34.42909321
42.46	-37.69024283
42.47	-40.64566491
42.48	-44.41989221
42.49	-37.46908341
42.50	-37.2790588
42.51	-33.07021415
42.52	-37.97855521
42.53	-34.93646726
42.54	-38.79487596
42.55	-39.07131119
42.56	-41.69302199
42.57	-41.50663958
42.58	-40.07702892
42.59	-44.88542017
42.60	-37.3662782
42.61	-41.55308174
42.62	-34.09400263
42.63	-34.8141109
42.64	-28.88482839
42.65	-30.57496367
42.66	-36.38524092
42.67	-43.57973781
42.68	-26.15542639
42.69	-28.65293332
42.70	-33.40721511
42.71	-30.10068188
42.72	-34.33396391
42.73	-41.78636616
42.74	-35.46489579
42.75	-40.3601152
42.76	-38.02292208
42.77	-38.0711054
42.78	-38.79523972
42.79	-33.45430975
42.80	-38.92414986
42.81	-30.10742615
42.82	-36.37929613
42.83	-37.27700645
42.84	-35.48247395
42.85	-34.00960158
42.86	-33.60921511
42.87	-37.72261687
42.88	-26.8663358
42.89	-33.77894742
42.90	-44.94658748
42.91	-47.52205449
42.92	-41.07965822
42.93	-42.38686018
42.94	-52.59218642
42.95	-48.04098638
42.96	-47.65186329
42.97	-44.22172467
42.98	-35.57136902
42.99	-41.93349474
43.00	-41.10893929
43.01	-39.41014794
43.02	-37.00278681
43.03	-38.76409847
43.04	-23.68296989
43.05	-19.67546773
43.06	-23.76492113
43.07	-26.41779971
43.08	-24.60826697
43.09	-26.03561209
43.10	-22.48082529
43.11	-23.28417447
43.12	-23.08460851
43.13	-23.05442925
43.14	-23.23102175
43.15	-23.78538456
43.16	-28.12944097
43.17	-21.7703229
43.18	-22.04377749
43.19	-20.11723542
43.20	-24.90142639
43.21	-19.5013848
43.22	-25.57457218
43.23	-25.34112691
43.24	-21.66987572
43.25	-20.29562548
43.26	-21.29534417
43.27	-25.01092495
43.28	-21.84459751
43.29	-12.99809441
43.30	-13.04260468
43.31	-12.34580808
43.32	-13.25017854
43.33	-13.95593858
43.34	-5.186732075
43.35	-4.985997849
43.36	-3.398382648
43.37	-3.311163958
43.38	-3.841440249
43.39	-1.429252629
43.40	-1.596138384
43.41	-9.354686185
43.42	-12.22218069
43.43	-3.197296606
43.44	-15.30026816
43.45	-13.12842519
43.46	-9.497971797
43.47	-14.76608963
43.48	-11.37564054
43.49	-11.79878776
43.50	-13.20771869
43.51	-15.86491157
43.52	-13.18017854
43.53	-16.21739579
43.54	-17.02755617
43.55	-14.38655545
43.56	-7.909794694
43.57	-1.731681644
43.58	-0.711970124
43.59	-0.642011233
43.60	-4.157525335
43.61	-5.777972275
43.62	-5.382623327
43.63	-6.425217973
43.64	-3.78092782
43.65	-13.93179135
43.66	-20.71117854
43.67	-18.70973662
43.68	-19.12789221
43.69	-21.08184512
43.70	-17.73766444
43.71	-5.911449092
43.72	-10.04489316
43.73	-13.16276434
43.74	-12.9285251
43.75	-7.816508843
43.76	-11.49380497
43.77	-12.8999369
43.78	-14.79390535
43.79	-18.88351554
43.80	-14.03370483
43.81	-20.82749331
43.82	-24.36096128
43.83	-31.64809417
43.84	-28.75924331
43.85	-30.34445053
43.86	-30.68241013
43.87	-16.39318045
43.88	-16.46004804
43.89	-12.25496033
43.90	-15.41180139
43.91	-28.91800932
43.92	-29.78814938
43.93	-27.44055712
43.94	-28.72767806
43.95	-29.37339866
43.96	-27.3955055
43.97	-25.57469025
43.98	-27.09504111
43.99	-23.87241467
44.00	-24.76108509
44.01	-14.36235038
44.02	-18.44471678
44.03	-18.60677199
44.04	-16.63638934
44.05	-25.592462
44.06	-28.21387118
44.07	-28.63297371
44.08	-27.15525167
44.09	-22.69788002
44.10	-28.49044288
44.11	-31.19339508
44.12	-29.02547443
44.13	-23.49900382
44.14	-21.14553298
44.15	-19.36015559
44.16	-21.18192854
44.17	-29.71580808
44.18	-29.58203944
44.19	-29.55667185
44.20	-33.99621917
44.21	-31.67062333
44.22	-30.5361011
44.23	-32.80865201
44.24	-34.41883461
44.25	-35.92138384
44.26	-32.88957027
44.27	-32.40233939
44.28	-34.73054302
44.29	-29.96467304
44.30	-30.18038026
44.31	-31.71358772
44.32	-36.40190918
44.33	-33.71577055
44.34	-30.88189173
44.35	-33.27592328
44.36	-29.80281381
44.37	-36.35709178
44.38	-39.04923614
44.39	-34.61982911
44.40	-39.73115249
44.41	-27.56505712
44.42	-31.81776793
44.43	-26.90590225
44.44	-22.18043069
44.45	-29.04629039
44.46	-27.99144455
44.47	-27.42832887
44.48	-25.24780545
44.49	-17.2370956
44.50	-21.06679422
44.51	-21.3429565
44.52	-26.23105832
44.53	-25.50117352
44.54	-24.11870985
44.55	-23.83677079
44.56	-22.37590774
44.57	-22.91887261
44.58	-24.71623088
44.59	-24.57216922
44.60	-28.33888815
44.61	-34.16194049
44.62	-29.35147371
44.63	-22.02339293
44.64	-31.24666659
44.65	-27.88719073
44.66	-27.68683843
44.67	-24.66352796
44.68	-20.79137691
44.69	-18.98259226
44.70	-19.07252533
44.71	-22.61136592
44.72	-22.8652022
44.73	-21.88814603
44.74	-22.31800167
44.75	-24.37484465
44.76	-34.53911424
44.77	-29.79772706
44.78	-38.60268858
44.79	-35.98917591
44.80	-29.05749307
44.81	-31.82237524
44.82	-34.68975932
44.83	-27.14997275
44.84	-25.26077486
44.85	-32.61380091
44.86	-33.5629228
44.87	-30.9264957
44.88	-33.54533461
44.89	-33.77965679
44.90	-31.94178681
44.91	-28.59470626
44.92	-31.48466491
44.93	-25.15309728
44.94	-29.56997419
44.95	-38.40337811
44.96	-36.20045053
44.97	-35.77288337
44.98	-38.49794312
44.99	-22.84386759
45.00	-34.76179995
45.01	-32.37037309
45.02	-36.61836759
45.03	-33.72000191
45.04	-36.50026888
45.05	-35.79346487
45.06	-28.72487046
45.07	-30.15702342
45.08	-38.92762165
45.09	-33.42318212
45.10	-30.85080808
45.11	-33.01619646
45.12	-29.68976052
45.13	-25.99201219
45.14	-30.07251769
45.15	-27.23452438
45.16	-24.11663145
45.17	-30.27959919
45.18	-26.57860468
45.19	-32.91505617
45.20	-24.4443217
45.21	-24.24981358
45.22	-20.50805282
45.23	-31.75974713
45.24	-26.03780067
45.25	-33.7949338
45.26	-37.46067185
45.27	-25.52859871
45.28	-24.95321511
45.29	-38.02526888
45.30	-32.83107983
45.31	-33.93353394
45.32	-33.58500789
45.33	-31.7125674
45.34	-37.29353896
45.35	-35.57341324
45.36	-33.90372275
45.37	-29.43086305
45.38	-25.59374307
45.39	-28.04828609
45.40	-26.87162141
45.41	-26.26581119
45.42	-24.48815153
45.43	-30.99147586
45.44	-34.33112476
45.45	-33.20178848
45.46	-37.23273088
45.47	-34.81582648
45.48	-31.91596654
45.49	-37.54737404
45.50	-36.95490894
45.51	-36.3398566
45.52	-33.98322706
45.53	-30.4910239
45.54	-31.0418272
45.55	-36.86773255
45.56	-35.08375263
45.57	-35.05430354
45.58	-35.81946033
45.59	-36.96805617
45.60	-33.70555091
45.61	-36.18252008
45.62	-37.6557175
45.63	-38.80476912
45.64	-37.41261592
45.65	-37.61105163
45.66	-36.90379708
45.67	-31.65090894
45.68	-39.22951697
45.69	-35.96733987
45.70	-38.86925598
45.71	-29.12179087
45.72	-34.79741683
45.73	-37.54639125
45.74	-38.33575096
45.75	-33.26374355
45.76	-35.11949259
45.77	-33.67429756
45.78	-33.65169288
45.79	-32.97329422
45.80	-34.17689938
45.81	-41.16763838
45.82	-42.89565272
45.83	-37.20118308
45.84	-38.46946224
45.85	-33.79741013
45.86	-27.44911544
45.87	-28.97458604
45.88	-34.67431334
45.89	-32.54158317
45.90	-21.74098016
45.91	-31.54600908
45.92	-34.44473972
45.93	-34.15493021
45.94	-31.86653944
45.95	-35.60824331
45.96	-36.15908054
45.97	-33.73622443
45.98	-32.47504015
45.99	-34.59974283
46.00	-25.35231023
46.01	-24.64765583
46.02	-38.15385516
46.03	-36.19648446
46.04	-29.35232481
46.05	-31.98266993
46.06	-33.43947658
46.07	-36.44362835
46.08	-33.98940942
46.09	-30.34256812
46.10	-36.91925263
46.11	-38.6457206
46.12	-40.93353059
46.13	-32.57343475
46.14	-34.5474847
46.15	-37.94915918
46.16	-37.23030019
46.17	-32.16516635
46.18	-38.31182887
46.19	-29.32101123
46.20	-36.09818308
46.21	-32.94472753
46.22	-31.05249833
46.23	-35.56176123
46.24	-31.52922419
46.25	-32.64357433
46.26	-37.5809369
46.27	-39.29789149
46.28	-39.0946587
46.29	-30.80342232
46.30	-41.8394663
46.31	-36.66162954
46.32	-37.10231836
46.33	-36.02967447
46.34	-31.12705999
46.35	-34.07744933
46.36	-36.0456152
46.37	-36.43749044
46.38	-41.70643714
46.39	-38.14913169
46.40	-31.87744192
46.41	-37.56165727
46.42	-30.27403561
46.43	-28.83045626
46.44	-23.90505808
46.45	-23.3059412
46.46	-23.18899833
46.47	-19.45648924
46.48	-25.46643762
46.49	-31.4964173
46.50	-31.06364508
46.51	-30.36260421
46.52	-28.0022402
46.53	-28.89435253
46.54	-23.97181836
46.55	-30.25181764
46.56	-22.64427438
46.57	-25.71923518
46.58	-28.87212333
46.59	-29.49190225
46.60	-31.10534512
46.61	-29.62046702
46.62	-18.57849689
46.63	-25.78999163
46.64	-25.87491013
46.65	-20.34017017
46.66	-29.52516683
46.67	-28.59182887
46.68	-28.06473327
46.69	-27.40636592
46.70	-25.95170005
46.71	-21.11203705
46.72	-28.4453021
46.73	-24.3555086
46.74	-34.29651793
46.75	-31.3027457
46.76	-32.24803394
46.77	-38.88324402
46.78	-27.37347443
46.79	-31.13815942
46.80	-31.15002271
46.81	-29.19262906
46.82	-26.54997251
46.83	-36.27797514
46.84	-36.76587548
46.85	-38.16610253
46.86	-37.15598303
46.87	-35.19533341
46.88	-34.94736066
46.89	-46.18908222
46.90	-35.47696702
46.91	-37.87730712
46.92	-38.36445961
46.93	-41.69091946
46.94	-39.12167352
46.95	-32.14678203
46.96	-36.12692615
46.97	-34.54247204
46.98	-41.90071702
46.99	-29.86959393
47.00	-37.30134417
47.01	-37.87259154
47.02	-35.24027533
47.03	-42.18284751
47.04	-33.22241635
47.05	-39.65612667
47.06	-35.09204374
47.07	-36.59200956
47.08	-26.98420124
47.09	-27.82740583
47.10	-28.43658867
47.11	-28.10910206
47.12	-36.30144527
47.13	-30.26378418
47.14	-31.81065105
47.15	-25.23702055
47.16	-34.67434919
47.17	-32.6968425
47.18	-25.90525645
47.19	-23.7569804
47.20	-19.12542161
47.21	-22.80213456
47.22	-33.32332983
47.23	-26.34574857
47.24	-24.86151577
47.25	-27.32340559
47.26	-27.26212572
47.27	-25.44177653
47.28	-27.7296544
47.29	-19.64448614
47.30	-22.24171606
47.31	-38.39123184
47.32	-31.93579756
47.33	-38.65194216
47.34	-33.92704589
47.35	-27.95613193
47.36	-38.18950502
47.37	-33.20475693
47.38	-33.07898494
47.39	-30.55268977
47.40	-32.86451506
47.41	-31.19552462
47.42	-30.37360516
47.43	-28.90600621
47.44	-28.41094622
47.45	-23.26811209
47.46	-31.08226721
47.47	-26.94259967
47.48	-24.23927533
47.49	-23.67292543
47.50	-36.61427032
47.51	-30.41940535
47.52	-28.65770076
47.53	-28.37755545
47.54	-29.41389603
47.55	-36.92962476
47.56	-35.73590535
47.57	-34.82669097
47.58	-33.15253203
47.59	-39.90525621
47.60	-37.62462906
47.61	-34.29539388
47.62	-42.46488169
47.63	-38.55477151
47.64	-36.44623303
47.65	-36.70888647
47.66	-39.01877127
47.67	-30.91990559
47.68	-32.06169909
47.69	-33.52213647
47.70	-33.67529947
47.71	-37.44131931
47.72	-36.00272443
47.73	-35.61767161
47.74	-32.01866874
47.75	-36.92991013
47.76	-33.43883389
47.77	-33.36206405
47.78	-35.64540846
47.79	-34.35463838
47.80	-32.44886807
47.81	-36.47993523
47.82	-34.35536233
47.83	-35.46998423
47.84	-28.21255186
47.85	-36.19243619
47.86	-32.23745411
47.87	-26.18507863
47.88	-30.91454565
47.89	-32.91837572
47.90	-30.52542185
47.91	-35.76704278
47.92	-39.29985731
47.93	-35.77323709
47.94	-34.34180306
47.95	-36.24743571
47.96	-33.92102008
47.97	-31.19062428
47.98	-31.44017949
47.99	-34.14972706
48.00	-34.56404207
48.01	-38.12296487
48.02	-32.7903456
48.03	-32.45272921
48.04	-31.35485038
48.05	-35.11806477
48.06	-33.7502249
48.07	-31.47026028
48.08	-33.85780139
48.09	-35.38002247
48.10	-35.33805425
48.11	-32.06178203
48.12	-35.00343595
48.13	-34.1045012
48.14	-40.01877462
48.15	-33.08142949
48.16	-37.71796511
48.17	-23.8852684
48.18	-37.03623375
48.19	-17.59361879
48.20	-31.57788719
48.21	-24.70300263
48.22	-27.73199426
48.23	-20.29836448
48.24	-22.49392878
48.25	-22.46928227
48.26	-22.72696248
48.27	-21.17583533
48.28	-34.57567113
48.29	-21.41958341
48.30	-22.37612643
48.31	-27.75296056
48.32	-28.37402557
48.33	-34.66957887
48.34	-30.79238576
48.35	-35.38346702
48.36	-24.89767663
48.37	-30.90224976
48.38	-35.06203585
48.39	-28.38641683
48.40	-26.56133772
48.41	-23.98086735
48.42	-28.89432409
48.43	-30.23211496
48.44	-32.59872347
48.45	-30.7838566
48.46	-22.73642854
48.47	-33.48863289
48.48	-29.66456286
48.49	-30.88687978
48.50	-30.35604326
48.51	-35.34251004
48.52	-32.68405808
48.53	-28.96726195
48.54	-33.778962
48.55	-29.73827844
48.56	-24.31213743
48.57	-20.63222419
48.58	-34.80043929
48.59	-32.78209608
48.60	-36.16757529
48.61	-34.65924355
48.62	-33.08051386
48.63	-37.21487189
48.64	-34.86751625
48.65	-33.36925502
48.66	-29.20041898
48.67	-35.36716611
48.68	-36.40090631
48.69	-33.10848327
48.70	-31.66363552
48.71	-35.50096773
48.72	-36.55366635
48.73	-36.27512428
48.74	-32.91122945
48.75	-36.95058652
48.76	-35.71233509
48.77	-35.15390488
48.78	-36.59354469
48.79	-35.33279446
48.80	-33.21997753
48.81	-29.11240368
48.82	-34.46579995
48.83	-34.59851004
48.84	-31.6878021
48.85	-32.95862428
48.86	-38.57334895
48.87	-30.1115968
48.88	-26.29763217
48.89	-38.19157457
48.90	-35.05179254
48.91	-33.48464508
48.92	-42.73091491
48.93	-39.10216228
48.94	-33.59755497
48.95	-30.56233054
48.96	-33.82248446
48.97	-32.88308437
48.98	-35.7002739
48.99	-32.79644025
49.00	-27.29898662
49.01	-28.48349928
49.02	-31.26883437
49.03	-35.52974187
49.04	-39.83377462
49.05	-35.78743284
49.06	-37.77046463
49.07	-37.72244168
49.08	-41.32397347
49.09	-39.79968284
49.10	-35.26606644
49.11	-36.94550526
49.12	-32.44404039
49.13	-34.05290249
49.14	-35.92288002
49.15	-37.97321606
49.16	-38.33825263
49.17	-36.71342137
49.18	-40.46490798
49.19	-38.89502892
49.20	-37.48089771
49.21	-37.85855282
49.22	-31.50309393
49.23	-29.59335755
49.24	-33.49147825
49.25	-35.00878155
49.26	-32.74515703
49.27	-36.31559895
49.28	-38.20241515
49.29	-36.9516587
49.30	-36.95755473
49.31	-37.27756071
49.32	-32.64157409
49.33	-30.56229876
49.34	-34.15132887
49.35	-28.16987452
49.36	-27.31090559
49.37	-24.68840153
49.38	-31.07747634
49.39	-32.66782194
49.40	-33.6223989
49.41	-32.64475884
49.42	-27.48823088
49.43	-33.26081764
49.44	-31.82022251
49.45	-28.46618093
49.46	-30.72344144
49.47	-27.52433987
49.48	-22.44977199
49.49	-19.57881644
49.50	-26.63160875
49.51	-20.90962572
49.52	-32.98223542
49.53	-30.54932098
49.54	-30.44547538
49.55	-30.90503609
49.56	-28.97996869
49.57	-30.1954914
49.58	-33.12807839
49.59	-35.62993619
49.60	-33.4346391
49.61	-34.26759512
49.62	-33.24723566
49.63	-30.11617591
49.64	-32.70048303
49.65	-31.35146511
49.66	-30.90771654
49.67	-25.98904828
49.68	-16.71595387
49.69	-20.96575765
49.70	-27.9617739
49.71	-32.34185588
49.72	-20.58221439
49.73	-34.01662094
49.74	-36.78077677
49.75	-39.19911424
49.76	-34.14005449
49.77	-34.65324426
49.78	-37.94354995
49.79	-36.13604183
49.80	-38.36985182
49.81	-29.30406047
49.82	-32.10166946
49.83	-28.50285731
49.84	-36.55414149
49.85	-28.70520483
49.86	-31.34151434
49.87	-21.20155903
49.88	-34.49918858
49.89	-33.31793786
49.90	-34.23447921
49.91	-35.17404159
49.92	-29.94150143
49.93	-32.94646702
49.94	-24.85039484
49.95	-29.01589388
49.96	-32.56489436
49.97	-29.67885875
49.98	-27.99728083
49.99	-38.10185373
50.00	-37.4653217