0.00	-75.17941200
0.01	-61.61030948
0.02	-65.96400044
0.03	-71.19028151
0.04	-74.63572988
0.05	-73.49834126
0.06	-78.86966104
0.07	-81.03013619
0.08	-79.77909054
0.09	-84.51384842
0.10	-82.00581616
0.11	-77.59697438
0.12	-79.80803628
0.13	-79.94071219
0.14	-81.10806783
0.15	-85.59701812
0.16	-82.53880516
0.17	-79.86262017
0.18	-85.68299111
0.19	-77.69896458
0.20	-77.87856903
0.21	-77.01950378
0.22	-73.67478366
0.23	-84.05673035
0.24	-77.90062209
0.25	-80.97689838
0.26	-75.34769236
0.27	-78.92164455
0.28	-72.59604848
0.29	-78.95194690
0.30	-78.50035727
0.31	-80.16605277
0.32	-86.65956448
0.33	-83.97619857
0.34	-82.02729297
0.35	-77.64681712
0.36	-73.25132118
0.37	-65.40153127
0.38	-83.90731520
0.39	-76.07073442
0.40	-73.38690531
0.41	-73.33101956
0.42	-62.62166559
0.43	-67.20780661
0.44	-57.67213763
0.45	-65.14204991
0.46	-67.77481067
0.47	-64.35397750
0.48	-67.97444786
0.49	-79.25626190
0.50	-73.19990483
0.51	-73.54965340
0.52	-67.23910847
0.53	-73.65598729
0.54	-60.92092683
0.55	-64.82625044
0.56	-55.25035752
0.57	-59.46885107
0.58	-62.03196650
0.59	-65.82490962
0.60	-66.30291033
0.61	-56.52617301
0.62	-54.28938548
0.63	-66.08869284
0.64	-71.08599016
0.65	-69.62365890
0.66	-73.72088810
0.67	-76.33735106
0.68	-69.90569140
0.69	-67.52581784
0.70	-73.34141344
0.71	-60.30065723
0.72	-80.46535703
0.73	-79.92529274
0.74	-60.19808529
0.75	-65.29431856
0.76	-67.41091201
0.77	-73.40456736
0.78	-69.67728724
0.79	-68.78900976
0.80	-70.53184508
0.81	-70.05948275
0.82	-71.29696530
0.83	-67.17731473
0.84	-58.41038907
0.85	-64.45555398
0.86	-77.52545407
0.87	-74.94179178
0.88	-67.44472295
0.89	-67.91428796
0.90	-68.51907071
0.91	-72.32558409
0.92	-71.80996196
0.93	-66.13392205
0.94	-67.13037496
0.95	-69.20776956
0.96	-65.89943495
0.97	-64.31199948
0.98	-68.54959198
0.99	-65.72738165
1.00	-62.93546626
1.01	-65.63234772
1.02	-67.45336994
1.03	-66.87364504
1.04	-62.78999542
1.05	-61.77894930
1.06	-66.85136970
1.07	-57.10402674
1.08	-66.19933003
1.09	-59.68314313
1.10	-67.01108385
1.11	-65.79135417
1.12	-66.42064815
1.13	-63.77539074
1.14	-68.12509580
1.15	-52.73601957
1.16	-67.01595790
1.17	-68.22300498
1.18	-64.57483433
1.19	-66.19862616
1.20	-65.43551908
1.21	-69.95384915
1.22	-68.14825928
1.23	-69.42226765
1.24	-66.51268591
1.25	-62.16348969
1.26	-66.61330302
1.27	-68.22144045
1.28	-65.57279322
1.29	-65.19550474
1.30	-61.89138978
1.31	-62.28162496
1.32	-65.40763811
1.33	-65.03172989
1.34	-63.59661612
1.35	-53.25920575
1.36	-58.06771937
1.37	-53.94763094
1.38	-67.57524327
1.39	-59.71068687
1.40	-66.11907190
1.41	-65.58264384
1.42	-63.35682979
1.43	-60.93783959
1.44	-65.71233242
1.45	-66.98217085
1.46	-64.50967252
1.47	-64.86790938
1.48	-66.71350426
1.49	-72.89831784
1.50	-63.08202769
1.51	-68.69102386
1.52	-71.37553509
1.53	-59.49751598
1.54	-57.36988501
1.55	-64.28518328
1.56	-61.56210584
1.57	-69.05280374
1.58	-69.32390985
1.59	-68.43764169
1.60	-65.79516535
1.61	-59.25340078
1.62	-68.07149661
1.63	-63.84650044
1.64	-69.14328414
1.65	-68.22517491
1.66	-68.10220766
1.67	-70.75377936
1.68	-59.91648706
1.69	-73.37812711
1.70	-68.24222797
1.71	-69.17342252
1.72	-71.41673442
1.73	-62.28465173
1.74	-63.26784987
1.75	-66.99603629
1.76	-66.11092468
1.77	-68.02452769
1.78	-63.93000450
1.79	-56.77660632
1.80	-63.55328868
1.81	-68.28572510
1.82	-63.66406234
1.83	-55.46066560
1.84	-50.50941632
1.85	-65.54677984
1.86	-65.04866631
1.87	-66.60337424
1.88	-57.29971053
1.89	-69.43156019
1.90	-64.05988835
1.91	-61.00762186
1.92	-69.07353653
1.93	-52.41915365
1.94	-67.02217778
1.95	-68.52377912
1.96	-63.87119045
1.97	-62.50997606
1.98	-64.30436253
1.99	-65.56070383
2.00	-60.32962329
2.01	-72.27495383
2.02	-65.56318376
2.03	-68.11045694
2.04	-65.84278701
2.05	-70.37233528
2.06	-65.90485967
2.07	-73.06041870
2.08	-67.05527362
2.09	-73.39090961
2.10	-71.60060225
2.11	-71.10235393
2.12	-67.55217611
2.13	-69.47875880
2.14	-63.09495766
2.15	-69.00685608
2.16	-69.92109222
2.17	-77.94316009
2.18	-74.19026358
2.19	-90.77288044
2.20	-74.87964097
2.21	-70.50897152
2.22	-73.84190436
2.23	-63.26196937
2.24	-76.13385918
2.25	-73.94431066
2.26	-72.72634628
2.27	-72.43402601
2.28	-70.01354226
2.29	-66.79957764
2.30	-62.03864791
2.31	-69.09544379
2.32	-63.46336421
2.33	-67.04058027
2.34	-68.95227960
2.35	-67.94263213
2.36	-60.63969858
2.37	-73.37652625
2.38	-67.23649733
2.39	-58.75467659
2.40	-54.57001933
2.41	-63.87599160
2.42	-54.59441918
2.43	-57.21688142
2.44	-53.77232836
2.45	-59.74369165
2.46	-56.47936828
2.47	-49.96298085
2.48	-55.28780781
2.49	-61.12637712
2.50	-56.70050045
2.51	-63.44105589
2.52	-47.72271340
2.53	-58.06363453
2.54	-53.90837521
2.55	-46.86751097
2.56	-55.95479084
2.57	-63.18953558
2.58	-62.13390221
2.59	-63.77080828
2.60	-72.47133409
2.61	-70.68250020
2.62	-68.44166440
2.63	-67.79272104
2.64	-76.02864145
2.65	-62.07574423
2.66	-59.61888978
2.67	-65.78270909
2.68	-56.16619834
2.69	-65.38541177
2.70	-53.60873563
2.71	-58.44544906
2.72	-65.33771339
2.73	-65.32481067
2.74	-63.28022774
2.75	-67.82906282
2.76	-65.37119236
2.77	-66.67581521
2.78	-65.01402960
2.79	-60.36107095
2.80	-57.41214743
2.81	-51.80291608
2.82	-55.87193233
2.83	-60.63877769
2.84	-55.63060202
2.85	-56.64602602
2.86	-58.28814385
2.87	-59.21377697
2.88	-57.32972129
2.89	-66.20364050
2.90	-67.18889384
2.91	-60.29792587
2.92	-47.42582430
2.93	-43.45769763
2.94	-55.38702650
2.95	-59.27958051
2.96	-58.15065245
2.97	-58.42911445
2.98	-56.51896866
2.99	-52.26028224
3.00	-52.94520982
3.01	-61.14535943
3.02	-57.31754777
3.03	-45.94246149
3.04	-49.66746508
3.05	-44.07962474
3.06	-49.55739051
3.07	-52.51472726
3.08	-59.96561134
3.09	-67.76356019
3.10	-55.41184390
3.11	-58.97166010
3.12	-55.80929275
3.13	-64.15938046
3.14	-59.16384844
3.15	-61.04718926
3.16	-57.78213644
3.17	-64.49447033
3.18	-66.89281354
3.19	-62.83253510
3.20	-49.09875332
3.21	-59.54198300
3.22	-65.13238906
3.23	-63.28972798
3.24	-69.02809222
3.25	-61.38776956
3.26	-62.88294308
3.27	-68.28507238
3.28	-66.53123586
3.29	-63.69669356
3.30	-67.95546554
3.31	-63.24300905
3.32	-66.86321698
3.33	-65.97153486
3.34	-64.15999494
3.35	-62.90641105
3.36	-63.53853677
3.37	-64.36052936
3.38	-61.94527147
3.39	-60.62870838
3.40	-65.69998395
3.41	-62.36184652
3.42	-62.94815221
3.43	-55.74584151
3.44	-62.19458362
3.45	-60.16818257
3.46	-69.63239336
3.47	-60.81737377
3.48	-56.42375785
3.49	-59.83662831
3.50	-57.32965747
3.51	-64.45529490
3.52	-51.07248348
3.53	-51.09832215
3.54	-65.59204179
3.55	-66.35901860
3.56	-52.85220934
3.57	-60.63717324
3.58	-52.76354873
3.59	-54.68492707
3.60	-59.00466679
3.61	-52.03449089
3.62	-69.26653270
3.63	-71.66891296
3.64	-65.06734222
3.65	-73.66455780
3.66	-71.59279394
3.67	-65.41302458
3.68	-71.47113237
3.69	-73.91943112
3.70	-70.55001788
3.71	-64.65974590
3.72	-64.69049686
3.73	-66.70305971
3.74	-69.49952816
3.75	-66.26956449
3.76	-62.39900164
3.77	-72.80091176
3.78	-73.14206067
3.79	-62.67464456
3.80	-57.15403534
3.81	-73.10362567
3.82	-78.45430039
3.83	-71.21662329
3.84	-73.61142156
3.85	-62.02986947
3.86	-65.38482644
3.87	-65.84943543
3.88	-66.07294523
3.89	-69.72553987
3.90	-73.63619905
3.91	-72.66306831
3.92	-59.37161995
3.93	-55.15049901
3.94	-61.97906211
3.95	-47.63415198
3.96	-50.16669333
3.97	-50.54109557
3.98	-47.84712784
3.99	-62.86806904
4.00	-56.38088285
4.01	-56.55538692
4.02	-53.87754968
4.03	-62.20235513
4.04	-59.66045742
4.05	-56.82338596
4.06	-59.53505757
4.07	-59.50195599
4.08	-53.38762927
4.09	-58.58171507
4.10	-53.55713142
4.11	-53.54366321
4.12	-66.09150809
4.13	-65.29722893
4.14	-66.47264265
4.15	-58.29742516
4.16	-63.79601406
4.17	-63.36862783
4.18	-50.68993448
4.19	-49.45471269
4.20	-55.78929108
4.21	-53.02345312
4.22	-55.29062330
4.23	-58.59634103
4.24	-59.58367133
4.25	-60.99054705
4.26	-57.34876741
4.27	-52.69047679
4.28	-61.30692778
4.29	-63.53246292
4.30	-54.62006809
4.31	-55.84222439
4.32	-58.01241345
4.33	-60.75843926
4.34	-48.65800619
4.35	-56.62883816
4.36	-60.15023037
4.37	-59.49726813
4.38	-58.50712783
4.39	-56.49501359
4.40	-57.65875881
4.41	-59.03756784
4.42	-60.77857214
4.43	-59.27196388
4.44	-55.66402960
4.45	-57.25103486
4.46	-58.20020336
4.47	-61.19736660
4.48	-63.08228103
4.49	-58.73046627
4.50	-59.64580040
4.51	-56.13115150
4.52	-58.22274136
4.53	-63.43101215
4.54	-66.19300235
4.55	-61.47250785
4.56	-60.94291607
4.57	-64.79976287
4.58	-61.70245455
4.59	-65.90585728
4.60	-59.70825618
4.61	-57.51021196
4.62	-54.94653630
4.63	-61.79882669
4.64	-56.24568161
4.65	-50.83997296
4.66	-58.45461756
4.67	-51.98855614
4.68	-46.04963238
4.69	-40.42263573
4.70	-39.94152794
4.71	-33.96393186
4.72	-41.45401886
4.73	-41.98961183
4.74	-40.23686613
4.75	-39.27199113
4.76	-38.28936805
4.77	-41.40076623
4.78	-47.43180351
4.79	-41.01360729
4.80	-49.54924328
4.81	-44.80822368
4.82	-46.03884820
4.83	-46.83353797
4.84	-44.13182048
4.85	-54.43059868
4.86	-46.23033434
4.87	-44.65725404
4.88	-39.83367421
4.89	-51.62021531
4.90	-48.55309581
4.91	-40.13219238
4.92	-41.70099233
4.93	-47.83217708
4.94	-45.83993879
4.95	-41.54713621
4.96	-45.27142493
4.97	-47.16717349
4.98	-43.68485346
4.99	-43.57826097
5.00	-46.76147344
5.01	-49.00812234
5.02	-46.70012760
5.03	-47.06644787
5.04	-44.71378439
5.05	-51.63700212
5.06	-47.96664887
5.07	-50.83517182
5.08	-46.83077722
5.09	-51.29764170
5.10	-60.64747583
5.11	-48.28535848
5.12	-47.58156140
5.13	-60.09720408
5.14	-50.94752841
5.15	-63.02238357
5.16	-58.66312568
5.17	-63.13015436
5.18	-58.83131498
5.19	-50.85901001
5.20	-55.41135537
5.21	-57.58478247
5.22	-61.43600761
5.23	-59.28630159
5.24	-56.86277817
5.25	-62.31141870
5.26	-48.19379658
5.27	-50.62590700
5.28	-50.46188597
5.29	-54.88644763
5.30	-45.31782120
5.31	-67.47875594
5.32	-58.74038596
5.33	-53.21567588
5.34	-56.63760895
5.35	-51.89969285
5.36	-60.43312879
5.37	-46.85304347
5.38	-45.06913645
5.39	-54.97100762
5.40	-51.42132956
5.41	-58.16326168
5.42	-61.70996746
5.43	-58.38196125
5.44	-55.74152339
5.45	-56.05575642
5.46	-68.52846530
5.47	-57.11189504
5.48	-56.36523921
5.49	-60.00652650
5.50	-48.25699710
5.51	-49.97589027
5.52	-54.83032334
5.53	-56.09619906
5.54	-56.27658027
5.55	-57.46658171
5.56	-64.01881282
5.57	-58.86350475
5.58	-53.51934366
5.59	-54.79571197
5.60	-62.30455709
5.61	-57.10928940
5.62	-58.19913835
5.63	-62.67916129
5.64	-66.88549399
5.65	-59.29624327
5.66	-59.94535991
5.67	-63.69267635
5.68	-61.94856115
5.69	-63.16558075
5.70	-61.40469332
5.71	-59.65719715
5.72	-61.36728295
5.73	-58.64192779
5.74	-64.73860178
5.75	-59.15663309
5.76	-60.33022678
5.77	-65.15913763
5.78	-72.63466583
5.79	-74.61804943
5.80	-65.59216201
5.81	-62.25176191
5.82	-64.87290938
5.83	-63.69603701
5.84	-71.91198132
5.85	-62.78335059
5.86	-66.90423204
5.87	-69.06622271
5.88	-67.09284795
5.89	-61.67928032
5.90	-59.85630518
5.91	-55.83378008
5.92	-62.84965388
5.93	-62.92264910
5.94	-70.53388356
5.95	-65.91628390
5.96	-58.72384342
5.97	-67.48360273
5.98	-62.13544117
5.99	-62.35530780
6.00	-62.59034389
6.01	-62.09131497
6.02	-60.57219762
6.03	-61.24869523
6.04	-63.24719021
6.05	-61.19586947
6.06	-68.31880278
6.07	-70.35259054
6.08	-70.57912400
6.09	-68.62991942
6.10	-68.72183337
6.11	-69.12114743
6.12	-55.40283243
6.13	-73.96051764
6.14	-73.27552051
6.15	-70.02832692
6.16	-70.01536564
6.17	-71.02697152
6.18	-78.36437400
6.19	-73.41457094
6.20	-65.80338189
6.21	-61.81787664
6.22	-67.51913500
6.23	-59.24671794
6.24	-65.97479896
6.25	-66.68190723
6.26	-62.74085465
6.27	-53.66389744
6.28	-68.82573084
6.29	-61.18245599
6.30	-66.29207907
6.31	-75.59276669
6.32	-64.39510584
6.33	-63.60085728
6.34	-74.30984317
6.35	-63.50735178
6.36	-68.43429943
6.37	-61.19148395
6.38	-59.47096077
6.39	-58.46560011
6.40	-65.45037114
6.41	-71.81645718
6.42	-61.79462018
6.43	-61.50981617
6.44	-70.38827960
6.45	-66.22623347
6.46	-65.87412903
6.47	-68.85317061
6.48	-66.01644141
6.49	-69.03746483
6.50	-73.52318041
6.51	-68.90232023
6.52	-72.90663643
6.53	-68.23411182
6.54	-66.95035130
6.55	-70.06853438
6.56	-64.27271268
6.57	-69.58559963
6.58	-67.02466870
6.59	-61.08588524
6.60	-67.93158170
6.61	-65.97039719
6.62	-59.03108912
6.63	-69.39257429
6.64	-64.90469977
6.65	-75.35807883
6.66	-61.95295192
6.67	-60.02704036
6.68	-60.64832931
6.69	-66.22439528
6.70	-59.94836851
6.71	-63.64668663
6.72	-54.96449782
6.73	-58.36815938
6.74	-60.03243424
6.75	-62.66634055
6.76	-77.62597104
6.77	-67.19509724
6.78	-74.58345837
6.79	-70.09810010
6.80	-63.47473347
6.81	-65.92351215
6.82	-63.48957860
6.83	-64.59471363
6.84	-69.11755159
6.85	-61.35891488
6.86	-65.70969021
6.87	-65.57583122
6.88	-69.73950761
6.89	-60.96912664
6.90	-54.38310107
6.91	-67.53962353
6.92	-66.43526860
6.93	-56.01350475
6.94	-60.87474566
6.95	-64.80181234
6.96	-59.27103940
6.97	-64.01065293
6.98	-67.72838906
6.99	-68.57249470
7.00	-65.28083768
7.01	-65.14516057
7.02	-56.47635035
7.03	-57.21900379
7.04	-50.34100260
7.05	-66.64169069
7.06	-69.45603103
7.07	-68.64114480
7.08	-59.22001311
7.09	-56.14413429
7.10	-65.73181067
7.11	-61.33467396
7.12	-62.69920121
7.13	-54.86207358
7.14	-66.19818137
7.15	-68.27878127
7.16	-66.96967635
7.17	-61.66968161
7.18	-67.09104657
7.19	-64.20864504
7.20	-64.71445360
7.21	-47.85442899
7.22	-49.33757311
7.23	-52.10376837
7.24	-57.61887234
7.25	-54.88237043
7.26	-58.08166703
7.27	-55.26640030
7.28	-57.58409342
7.29	-52.39978295
7.30	-43.73504825
7.31	-49.62674232
7.32	-54.70242516
7.33	-45.73870624
7.34	-44.50490581
7.35	-40.38318664
7.36	-38.24528057
7.37	-37.15694094
7.38	-39.25981762
7.39	-37.76964577
7.40	-43.04450786
7.41	-35.34403822
7.42	-40.22444548
7.43	-36.90123516
7.44	-43.50699591
7.45	-44.67599758
7.46	-41.87277842
7.47	-46.43574448
7.48	-40.07675906
7.49	-41.62200523
7.50	-40.62045457
7.51	-45.00423014
7.52	-31.75352508
7.53	-34.31783722
7.54	-30.91755543
7.55	-38.91230256
7.56	-45.37622153
7.57	-39.39322536
7.58	-39.61365342
7.59	-36.69965438
7.60	-35.94687785
7.61	-37.39265462
7.62	-33.58304826
7.63	-35.56836494
7.64	-32.22836351
7.65	-31.26584272
7.66	-31.59027388
7.67	-33.51759869
7.68	-30.90411016
7.69	-32.25656403
7.70	-33.99929085
7.71	-35.52653822
7.72	-31.00142254
7.73	-34.17077316
7.74	-36.24054587
7.75	-43.15698492
7.76	-39.04567660
7.77	-40.75263143
7.78	-32.39263000
7.79	-55.39939313
7.80	-44.17350882
7.81	-39.17604634
7.82	-42.08387521
7.83	-38.48930328
7.84	-41.48882168
7.85	-38.76248277
7.86	-39.97503129
7.87	-42.75271795
7.88	-41.90115461
7.89	-38.57769429
7.90	-38.99590318
7.91	-39.85685610
7.92	-47.78982167
7.93	-39.75754658
7.94	-33.90003033
7.95	-43.30092134
7.96	-43.27546197
7.97	-37.90357957
7.98	-39.55779419
7.99	-44.86135753
8.00	-34.26195290
8.01	-38.95276002
8.02	-42.55734725
8.03	-40.90033506
8.04	-43.37230829
8.05	-43.80958721
8.06	-39.15718831
8.07	-46.30979013
8.08	-39.89138334
8.09	-48.06650021
8.10	-50.39864959
8.11	-44.15662521
8.12	-42.18056451
8.13	-41.11524830
8.14	-45.43684797
8.15	-41.23502555
8.16	-40.25091226
8.17	-39.67358913
8.18	-43.35629180
8.19	-39.10851790
8.20	-44.35827889
8.21	-39.78608626
8.22	-44.52201909
8.23	-39.94609558
8.24	-38.84503200
8.25	-43.94493783
8.26	-46.92050093
8.27	-42.14635370
8.28	-50.10365987
8.29	-51.93610394
8.30	-49.88044165
8.31	-49.98765437
8.32	-43.55778702
8.33	-43.53032550
8.34	-40.52817445
8.35	-40.55006594
8.36	-40.17801432
8.37	-38.85957789
8.38	-35.70622656
8.39	-42.75613812
8.40	-45.44907741
8.41	-43.43575237
8.42	-46.41506474
8.43	-41.75353272
8.44	-43.91365796
8.45	-43.25064194
8.46	-43.25252364
8.47	-46.49240413
8.48	-46.86533745
8.49	-47.36383195
8.50	-47.01238382
8.51	-49.66797655
8.52	-43.69530112
8.53	-48.85599925
8.54	-45.70256403
8.55	-46.71803200
8.56	-49.20359008
8.57	-41.48346078
8.58	-36.61360466
8.59	-40.03804682
8.60	-36.08317302
8.61	-40.46177077
8.62	-40.09701312
8.63	-36.98298110
8.64	-37.44980352
8.65	-38.63397201
8.66	-37.99093114
8.67	-34.51479659
8.68	-35.91712355
8.69	-36.25923898
8.70	-37.74316155
8.71	-32.93465462
8.72	-35.24165486
8.73	-35.89257335
8.74	-35.37028057
8.75	-35.98678726
8.76	-33.77636614
8.77	-34.96748803
8.78	-37.83751623
8.79	-33.55725548
8.80	-33.17774759
8.81	-34.59674400
8.82	-35.90861948
8.83	-34.31708770
8.84	-41.45250452
8.85	-34.66845194
8.86	-37.40742374
8.87	-37.84988478
8.88	-38.52277675
8.89	-36.81465414
8.90	-36.12617326
8.91	-39.28776480
8.92	-34.83229706
8.93	-34.15421102
8.94	-36.77049783
8.95	-36.94538382
8.96	-37.62350213
8.97	-40.04715318
8.98	-40.31198827
8.99	-40.74876742
9.00	-39.32936924
9.01	-45.23090461
9.02	-47.07047775
9.03	-38.41235395
9.04	-39.61672894
9.05	-37.29749854
9.06	-35.15639769
9.07	-43.23742349
9.08	-36.88040199
9.09	-49.68987091
9.10	-36.62450811
9.11	-38.12080567
9.12	-39.67779133
9.13	-43.97723970
9.14	-43.90643353
9.15	-36.41220887
9.16	-38.75136876
9.17	-33.14927603
9.18	-35.85753057
9.19	-43.85008076
9.20	-41.39605805
9.21	-41.49134056
9.22	-35.26186160
9.23	-36.42028822
9.24	-43.05987952
9.25	-41.70859080
9.26	-47.11323993
9.27	-46.23817349
9.28	-35.76981714
9.29	-33.86578822
9.30	-41.46203846
9.31	-31.44247321
9.32	-41.41513071
9.33	-39.82755112
9.34	-35.76193712
9.35	-36.15170074
9.36	-37.18701193
9.37	-38.54298014
9.38	-41.61551527
9.39	-36.58712068
9.40	-34.78380543
9.41	-41.86900571
9.42	-38.70406977
9.43	-37.41452531
9.44	-41.05089362
9.45	-35.71727221
9.46	-38.75945959
9.47	-38.04729180
9.48	-30.42824257
9.49	-39.73537641
9.50	-40.00125643
9.51	-47.76128080
9.52	-45.74078941
9.53	-46.46535036
9.54	-47.49261446
9.55	-37.69938191
9.56	-37.40866441
9.57	-34.48715079
9.58	-40.40885825
9.59	-42.62772297
9.60	-40.47791298
9.61	-34.63027508
9.62	-37.77568162
9.63	-33.56323277
9.64	-34.98691752
9.65	-37.10217135
9.66	-33.26416657
9.67	-38.02271317
9.68	-45.41878678
9.69	-42.55053272
9.70	-49.73222655
9.71	-45.72833171
9.72	-46.46831522
9.73	-45.95223516
9.74	-42.95441847
9.75	-48.52824447
9.76	-50.17915700
9.77	-48.98844452
9.78	-50.65256976
9.79	-48.10687808
9.80	-50.85330255
9.81	-56.47811923
9.82	-49.08233291
9.83	-59.49649662
9.84	-51.98244906
9.85	-48.85174806
9.86	-50.29758410
9.87	-51.73461971
9.88	-47.72631379
9.89	-53.85007908
9.90	-48.69426479
9.91	-50.49671053
9.92	-45.73191560
9.93	-47.12973324
9.94	-45.89099137
9.95	-57.39659127
9.96	-48.19690365
9.97	-55.24969547
9.98	-50.16758625
9.99	-49.43898707
10.00	-54.95125570
10.01	-49.51160131
10.02	-50.09024089
10.03	-51.59924184
10.04	-51.87707645
10.05	-55.51319404
10.06	-55.93056426
10.07	-50.47848850
10.08	-53.92330614
10.09	-56.52460322
10.10	-44.54313238
10.11	-52.08060298
10.12	-42.69009462
10.13	-43.78112115
10.14	-38.76470648
10.15	-43.37748970
10.16	-48.95500571
10.17	-48.76193664
10.18	-51.88476431
10.19	-55.37046197
10.20	-54.39897248
10.21	-56.11729490
10.22	-60.99136373
10.23	-51.90884127
10.24	-51.14234055
10.25	-50.41418018
10.26	-49.37737569
10.27	-59.83314743
10.28	-59.35620264
10.29	-58.19979681
10.30	-55.99139337
10.31	-58.85368018
10.32	-51.47206474
10.33	-57.16044308
10.34	-54.01044787
10.35	-53.06725093
10.36	-53.84122057
10.37	-53.12428008
10.38	-53.49236182
10.39	-51.47335489
10.40	-51.99268066
10.41	-57.11431306
10.42	-54.92458386
10.43	-46.97597273
10.44	-54.57643783
10.45	-45.31479515
10.46	-52.36006426
10.47	-49.83188095
10.48	-54.77963070
10.49	-57.07637210
10.50	-48.91581642
10.51	-56.78822917
10.52	-53.24792970
10.53	-52.27920241
10.54	-56.60861947
10.55	-46.89044476
10.56	-50.74352602
10.57	-58.58516703
10.58	-47.15057263
10.59	-56.84985895
10.60	-48.12810442
10.61	-52.53854705
10.62	-53.87968687
10.63	-51.46579658
10.64	-63.72231856
10.65	-54.66628032
10.66	-53.63098563
10.67	-51.91413835
10.68	-57.46357119
10.69	-53.28345050
10.70	-57.76761636
10.71	-56.30302626
10.72	-64.30856760
10.73	-59.65920097
10.74	-57.75167755
10.75	-56.82966034
10.76	-61.06337257
10.77	-50.79019954
10.78	-59.07794476
10.79	-60.56719762
10.80	-57.30922917
10.81	-53.95894022
10.82	-52.11078319
10.83	-48.30042038
10.84	-43.23735609
10.85	-48.10391967
10.86	-53.22164959
10.87	-52.41736469
10.88	-52.49538931
10.89	-53.92146794
10.90	-58.05982549
10.91	-56.50395766
10.92	-61.13471937
10.93	-59.91442659
10.94	-65.56880374
10.95	-59.89599686
10.96	-53.61129036
10.97	-56.83302291
10.98	-56.31064815
10.99	-51.08846245
11.00	-54.11985943
11.01	-56.10968926
11.02	-53.36129658
11.03	-56.07609533
11.04	-51.26784270
11.05	-52.32360394
11.06	-59.01589934
11.07	-55.15091632
11.08	-48.87946293
11.09	-47.30138525
11.10	-39.17593258
11.11	-42.02262928
11.12	-39.73934343
11.13	-42.24566871
11.14	-44.59898157
11.15	-47.70473778
11.16	-44.33782239
11.17	-36.24440509
11.18	-36.46136422
11.19	-37.10069262
11.20	-42.35405495
11.21	-39.18460227
11.22	-42.13385466
11.23	-37.46979348
11.24	-45.08680040
11.25	-39.14672249
11.26	-44.98768401
11.27	-49.84808960
11.28	-47.57131737
11.29	-54.89931785
11.30	-48.20672129
11.31	-54.22138644
11.32	-57.85137544
11.33	-54.96606952
11.34	-51.57499519
11.35	-38.87811709
11.36	-40.10599281
11.37	-41.60480065
11.38	-35.29307049
11.39	-40.48419859
11.40	-38.49261040
11.41	-36.74424615
11.42	-40.32179969
11.43	-40.53735371
11.44	-43.63520337
11.45	-34.04805352
11.46	-40.97478917
11.47	-39.88953798
11.48	-42.10861135
11.49	-37.61118377
11.50	-39.18147679
11.51	-40.52313047
11.52	-40.16752842
11.53	-37.60127483
11.54	-42.60729825
11.55	-38.72187593
11.56	-37.70601766
11.57	-39.09692158
11.58	-38.15062856
11.59	-35.56471986
11.60	-35.65246150
11.61	-39.89074806
11.62	-39.15377173
11.63	-45.73111517
11.64	-43.05430997
11.65	-38.10464004
11.66	-38.10936064
11.67	-52.06444715
11.68	-48.39438190
11.69	-44.28730590
11.70	-42.58932168
11.71	-47.80468664
11.72	-48.04954562
11.73	-52.74179658
11.74	-42.34904682
11.75	-53.80326335
11.76	-43.29119214
11.77	-49.60066512
11.78	-52.50554968
11.79	-50.28341178
11.80	-45.73559080
11.81	-43.88627961
11.82	-45.51460466
11.83	-52.98045934
11.84	-48.31863310
11.85	-50.53895384
11.86	-42.13910705
11.87	-48.17955279
11.88	-43.39868664
11.89	-47.29809749
11.90	-46.17571149
11.91	-46.44070432
11.92	-50.64716393
11.93	-47.29051838
11.94	-46.85704969
11.95	-50.42384008
11.96	-48.07320337
11.97	-41.45158721
11.98	-51.27022033
11.99	-48.42824543
12.00	-52.39553797
12.01	-47.77053296
12.02	-51.43134223
12.03	-54.37754681
12.04	-58.97928582
12.05	-59.10143663
12.06	-60.10951431
12.07	-59.10555231
12.08	-55.16899423
12.09	-61.98412951
12.10	-53.06518137
12.11	-60.88043854
12.12	-56.49051335
12.13	-51.45009486
12.14	-47.82307645
12.15	-57.44181713
12.16	-51.61008577
12.17	-56.94967014
12.18	-49.07042588
12.19	-52.48383768
12.20	-51.56688812
12.21	-50.18678463
12.22	-52.15943878
12.23	-54.39961254
12.24	-52.44802291
12.25	-51.40691512
12.26	-45.89598038
12.27	-41.57237115
12.28	-45.28180973
12.29	-41.53092636
12.30	-43.37540174
12.31	-46.09940007
12.32	-55.39550547
12.33	-47.28120145
12.34	-45.60401097
12.35	-50.25817492
12.36	-61.83827386
12.37	-50.27700069
12.38	-45.17062545
12.39	-51.68713286
12.40	-51.67956378
12.41	-51.83609940
12.42	-54.46675092
12.43	-48.30222846
12.44	-52.10545336
12.45	-46.50618138
12.46	-42.62321365
12.47	-46.27040963
12.48	-41.10157144
12.49	-39.77552388
12.50	-41.12388167
12.51	-40.83751957
12.52	-37.58916250
12.53	-37.88145194
12.54	-36.01494620
12.55	-32.84142995
12.56	-30.52752603
12.57	-30.48590319
12.58	-31.22095624
12.59	-31.70669047
12.60	-32.61073014
12.61	-31.89680902
12.62	-33.02157312
12.63	-34.29782885
12.64	-33.10554754
12.65	-38.09871389
12.66	-35.70607790
12.67	-35.54912713
12.68	-37.98432287
12.69	-35.21889888
12.70	-35.31415008
12.71	-40.40799496
12.72	-41.99062402
12.73	-40.74942756
12.74	-41.52699328
12.75	-40.15089314
12.76	-37.11717397
12.77	-42.01180256
12.78	-42.58762115
12.79	-38.88803678
12.80	-38.94408482
12.81	-39.42428081
12.82	-34.95872632
12.83	-35.71447847
12.84	-38.55841561
12.85	-43.73950021
12.86	-38.98430949
12.87	-39.17998253
12.88	-40.04986111
12.89	-44.94824495
12.90	-41.08208674
12.91	-44.56208626
12.92	-41.62562641
12.93	-45.97218951
12.94	-43.40132885
12.95	-44.70032431
12.96	-45.40038334
12.97	-42.69039194
12.98	-45.23012712
12.99	-35.71713000
13.00	-39.19778463
13.01	-35.19339410
13.02	-40.65595313
13.03	-41.55430590
13.04	-42.60462521
13.05	-45.13483984
13.06	-49.12755112
13.07	-51.43859964
13.08	-57.24946292
13.09	-56.37245456
13.10	-49.52027005
13.11	-41.29782957
13.12	-56.27724208
13.13	-64.34313691
13.14	-60.37147367
13.15	-54.00108792
13.16	-51.00477244
13.17	-47.32444213
13.18	-43.37303224
13.19	-46.12836685
13.20	-48.43983458
13.21	-47.31378319
13.22	-54.30353391
13.23	-51.28820982
13.24	-46.24847607
13.25	-43.34519070
13.26	-43.43436637
13.27	-45.89761494
13.28	-42.68386565
13.29	-44.40776790
13.30	-42.62960394
13.31	-43.24370074
13.32	-46.09329538
13.33	-43.80683841
13.34	-45.15709319
13.35	-44.75613716
13.36	-46.84684103
13.37	-46.93020743
13.38	-44.99075308
13.39	-46.68544859
13.40	-45.81357885
13.41	-43.88963812
13.42	-37.66763382
13.43	-41.68494763
13.44	-36.18439290
13.45	-43.37130256
13.46	-51.61093400
13.47	-52.53113094
13.48	-45.39810848
13.49	-47.90039027
13.50	-44.34799376
13.51	-43.39626049
13.52	-41.68988358
13.53	-42.54559749
13.54	-51.25121531
13.55	-42.18955710
13.56	-44.93701527
13.57	-40.76658936
13.58	-38.90944142
13.59	-41.28484008
13.60	-45.95311876
13.61	-45.39750858
13.62	-41.90609701
13.63	-43.91154730
13.64	-39.41223946
13.65	-40.78988239
13.66	-37.21651456
13.67	-39.93709869
13.68	-32.90167589
13.69	-41.52603487
13.70	-32.47142661
13.71	-41.81346102
13.72	-41.79593664
13.73	-36.67356045
13.74	-33.92089530
13.75	-37.85117684
13.76	-34.59696293
13.77	-36.63120194
13.78	-38.40682789
13.79	-38.71965868
13.80	-33.81895863
13.81	-31.53881380
13.82	-37.29757168
13.83	-37.43009845
13.84	-36.56602579
13.85	-34.52653248
13.86	-31.21698516
13.87	-31.24687737
13.88	-36.59316896
13.89	-40.12199376
13.90	-34.03312976
13.91	-35.52832885
13.92	-32.02701934
13.93	-36.19800046
13.94	-39.69935394
13.95	-40.34690414
13.96	-40.85670958
13.97	-39.04803631
13.98	-41.42490342
13.99	-38.63046532
14.00	-38.36877483
14.01	-37.16771126
14.02	-38.22845433
14.03	-38.04573922
14.04	-39.63569285
14.05	-38.10606690
14.06	-35.67920720
14.07	-35.99034486
14.08	-33.96864362
14.09	-34.42642852
14.10	-41.67244763
14.11	-41.48040891
14.12	-37.67227436
14.13	-38.47569142
14.14	-35.28431236
14.15	-37.36784439
14.16	-42.76241513
14.17	-42.82598324
14.18	-41.89879658
14.19	-36.10859510
14.20	-37.75770576
14.21	-35.14957957
14.22	-24.28307001
14.23	-27.93014697
14.24	-29.94079300
14.25	-31.07706595
14.26	-32.73856977
14.27	-35.33855686
14.28	-33.87427460
14.29	-35.10619573
14.30	-35.61348301
14.31	-32.27995361
14.32	-36.70806594
14.33	-34.30405734
14.34	-35.41887785
14.35	-36.81513263
14.36	-37.08470050
14.37	-35.73841633
14.38	-37.25655806
14.39	-31.15637307
14.40	-38.05258889
14.41	-34.84862546
14.42	-34.81859271
14.43	-38.79170409
14.44	-37.45621508
14.45	-44.66600930
14.46	-41.85244405
14.47	-40.95567827
14.48	-35.86425380
14.49	-40.43571078
14.50	-37.05284941
14.51	-34.91279420
14.52	-35.73132096
14.53	-36.48785729
14.54	-32.75640055
14.55	-40.33994309
14.56	-36.32649855
14.57	-41.41494548
14.58	-40.63364458
14.59	-33.83212044
14.60	-39.85649854
14.61	-39.63004563
14.62	-32.50861757
14.63	-40.08896986
14.64	-46.23301862
14.65	-39.15779443
14.66	-35.01713478
14.67	-39.56522942
14.68	-37.34424496
14.69	-37.62805256
14.70	-34.44424783
14.71	-39.84025141
14.72	-43.04367278
14.73	-40.10687187
14.74	-35.45080591
14.75	-35.05210610
14.76	-33.47576074
14.77	-40.84217660
14.78	-37.27896484
14.79	-40.96894501
14.80	-41.03814123
14.81	-38.98777985
14.82	-35.97972034
14.83	-42.67965533
14.84	-37.20717302
14.85	-35.23217374
14.86	-39.47272201
14.87	-29.58673636
14.88	-33.84299353
14.89	-28.66434582
14.90	-25.36138741
14.91	-22.92028154
14.92	-24.27037690
14.93	-30.35648732
14.94	-32.65208244
14.95	-30.35070696
14.96	-32.69952293
14.97	-35.79632503
14.98	-37.32368282
14.99	-36.83580997
15.00	-26.23219406
15.01	-33.53255758
15.02	-33.98930734
15.03	-36.18811088
15.04	-32.40504898
15.05	-31.30743115
15.06	-39.21252507
15.07	-39.51423803
15.08	-39.94857837
15.09	-42.18000189
15.10	-39.39531857
15.11	-37.19791179
15.12	-40.65477603
15.13	-44.55977961
15.14	-33.12471317
15.15	-52.14078654
15.16	-56.12091632
15.17	-56.62984844
15.18	-49.37411183
15.19	-44.81764911
15.20	-50.15883243
15.21	-47.67983912
15.22	-42.75592015
15.23	-42.22306594
15.24	-49.42440126
15.25	-55.03102674
15.26	-52.98610298
15.27	-57.88013333
15.28	-53.80756307
15.29	-56.74938931
15.30	-53.30350881
15.31	-54.22397033
15.32	-48.19302913
15.33	-53.56400045
15.34	-52.73927459
15.35	-49.45072822
15.36	-45.51848300
15.37	-44.84580710
15.38	-50.65060035
15.39	-51.00916154
15.40	-50.34394380
15.41	-47.87124495
15.42	-51.38537640
15.43	-53.29532884
15.44	-49.64399424
15.45	-53.63689552
15.46	-56.17848515
15.47	-57.22568496
15.48	-50.34446532
15.49	-40.58228678
15.50	-54.14201670
15.51	-56.90148132
15.52	-53.29893185
15.53	-55.82615245
15.54	-54.20216178
15.55	-53.24097296
15.56	-49.62531283
15.57	-41.22045433
15.58	-43.39130614
15.59	-42.46820576
15.60	-41.28526886
15.61	-34.14883698
15.62	-44.37996102
15.63	-40.06938000
15.64	-45.05411302
15.65	-51.75279801
15.66	-46.84094309
15.67	-41.49094238
15.68	-42.10610323
15.69	-36.49903535
15.70	-38.93693090
15.71	-30.48175739
15.72	-42.20101671
15.73	-38.63403487
15.74	-36.20158100
15.75	-33.22024592
15.76	-30.34169955
15.77	-30.24789530
15.78	-30.40731786
15.79	-30.62533196
15.80	-35.04154204
15.81	-31.72737713
15.82	-34.00263813
15.83	-25.43505759
15.84	-31.11493832
15.85	-33.61043832
15.86	-32.92910992
15.87	-28.12775142
15.88	-31.66989339
15.89	-30.09805400
15.90	-29.52885945
15.91	-36.14127077
15.92	-33.45248038
15.93	-31.50274377
15.94	-33.19336470
15.95	-33.94409056
15.96	-38.83552460
15.97	-36.20002460
15.98	-38.62141370
15.99	-34.91345505
16.00	-36.68128822
16.01	-39.05810012
16.02	-42.03618210
16.03	-35.37519883
16.04	-36.88519572
16.05	-36.61535299
16.06	-24.47861997
16.07	-32.85945218
16.08	-32.41969190
16.09	-31.68967207
16.10	-26.73690390
16.11	-27.27133005
16.12	-25.25771031
16.13	-32.17824353
16.14	-28.32262522
16.15	-31.01823708
16.16	-30.52872847
16.17	-32.68489147
16.18	-26.61757814
16.19	-28.80668139
16.20	-30.53793617
16.21	-29.25080328
16.22	-33.56380423
16.23	-36.85770266
16.24	-35.43814458
16.25	-34.81850261
16.26	-27.55959391
16.27	-26.87305950
16.28	-27.54556547
16.29	-27.20267207
16.30	-20.32126218
16.31	-29.26328607
16.32	-31.46266968
16.33	-31.36145863
16.34	-34.73116298
16.35	-37.24748181
16.36	-37.15386470
16.37	-35.99982742
16.38	-38.96843449
16.39	-43.06918497
16.40	-34.65297034
16.41	-39.90824496
16.42	-40.01768043
16.43	-38.86642947
16.44	-39.82393879
16.45	-37.81696389
16.46	-41.55266585
16.47	-40.47845743
16.48	-39.76166991
16.49	-40.76196484
16.50	-42.56574424
16.51	-32.99722608
16.52	-36.25515987
16.53	-33.08681499
16.54	-34.91645290
16.55	-35.53903535
16.56	-36.91395911
16.57	-36.21335705
16.58	-37.01712115
16.59	-36.98876145
16.60	-35.88783483
16.61	-36.32789267
16.62	-34.45467661
16.63	-35.23175333
16.64	-35.40901934
16.65	-36.81574926
16.66	-37.42608961
16.67	-35.76940438
16.68	-42.86737880
16.69	-36.69750332
16.70	-35.27555328
16.71	-31.95753416
16.72	-32.28071867
16.73	-37.22618832
16.74	-30.07204993
16.75	-31.79203512
16.76	-33.59770720
16.77	-34.67150811
16.78	-38.88256905
16.79	-39.17577746
16.80	-34.10789028
16.81	-26.93949210
16.82	-29.63433244
16.83	-29.40073875
16.84	-27.78308842
16.85	-37.34271867
16.86	-39.56331762
16.87	-37.07416274
16.88	-33.47813789
16.89	-36.65539673
16.90	-35.69424639
16.91	-37.06922942
16.92	-32.47455256
16.93	-37.32251121
16.94	-37.31067684
16.95	-31.06330065
16.96	-35.84464338
16.97	-31.29336566
16.98	-35.10365653
16.99	-34.94316131
17.00	-32.89222536
17.01	-28.93013478
17.02	-36.04956284
17.03	-31.91433722
17.04	-38.89246676
17.05	-38.87004204
17.06	-33.76521007
17.07	-39.06390031
17.08	-36.83882311
17.09	-40.02021891
17.10	-37.21131140
17.11	-36.45522297
17.12	-35.01708100
17.13	-39.17423659
17.14	-38.24721891
17.15	-29.89662809
17.16	-33.72281858
17.17	-29.95069860
17.18	-31.14271533
17.19	-27.79168832
17.20	-24.98818020
17.21	-33.24896198
17.22	-32.68980352
17.23	-34.36220027
17.24	-35.55141800
17.25	-36.92679850
17.26	-32.04301169
17.27	-39.39052746
17.28	-34.58161757
17.29	-38.53128870
17.30	-38.64593306
17.31	-35.67633985
17.32	-31.39825094
17.33	-34.17494166
17.34	-36.97705591
17.35	-35.11678177
17.36	-33.10041155
17.37	-34.77391609
17.38	-32.30092398
17.39	-28.83232981
17.40	-26.12263478
17.41	-26.85660467
17.42	-32.97942995
17.43	-38.35541083
17.44	-32.21463024
17.45	-34.40191011
17.46	-33.70016442
17.47	-37.14776073
17.48	-31.06001145
17.49	-28.21203488
17.50	-30.64041107
17.51	-33.14706523
17.52	-37.11592015
17.53	-32.04732599
17.54	-41.56761470
17.55	-33.19387952
17.56	-37.83362546
17.57	-34.83444286
17.58	-30.11547823
17.59	-33.53655925
17.60	-35.41193378
17.61	-37.74102460
17.62	-33.61908937
17.63	-39.32026742
17.64	-32.56680543
17.65	-35.67290581
17.66	-40.74906475
17.67	-36.61353463
17.68	-35.91518234
17.69	-39.89369381
17.70	-44.35031212
17.71	-47.57022129
17.72	-38.99296556
17.73	-39.11241561
17.74	-46.07661780
17.75	-39.35614099
17.76	-32.83258650
17.77	-42.79967875
17.78	-39.54142063
17.79	-39.73319931
17.80	-34.97404085
17.81	-33.26185132
17.82	-33.11107981
17.83	-39.62862330
17.84	-40.03174496
17.85	-41.24845194
17.86	-35.32335992
17.87	-35.83112952
17.88	-40.70793640
17.89	-34.79330400
17.90	-38.36954348
17.91	-36.92733339
17.92	-29.27999974
17.93	-44.85435012
17.94	-38.30223468
17.95	-36.96733674
17.96	-42.44820409
17.97	-32.01251552
17.98	-40.70742588
17.99	-35.56361112
18.00	-35.13786494
18.01	-37.23154826
18.02	-32.39833124
18.03	-29.91588956
18.04	-36.06481379
18.05	-37.07148875
18.06	-34.89447130
18.07	-42.45730781
18.08	-47.99878200
18.09	-38.70471843
18.10	-47.69702172
18.11	-57.77025499
18.12	-45.28678391
18.13	-38.76868903
18.14	-49.06705423
18.15	-42.74633148
18.16	-29.68420935
18.17	-35.51231093
18.18	-45.71002483
18.19	-44.53190055
18.20	-42.74305901
18.21	-36.66163765
18.22	-41.43752818
18.23	-43.24186446
18.24	-45.24481857
18.25	-50.27038692
18.26	-54.57529849
18.27	-49.03481498
18.28	-48.63135633
18.29	-55.91878654
18.30	-47.48748396
18.31	-44.67178248
18.32	-49.54248157
18.33	-49.36251814
18.34	-35.00394740
18.35	-33.83493593
18.36	-35.58282503
18.37	-35.97821222
18.38	-35.22433746
18.39	-30.90340247
18.40	-36.87232120
18.41	-38.39642134
18.42	-38.39799496
18.43	-30.96157455
18.44	-41.29718114
18.45	-41.81045050
18.46	-40.40867134
18.47	-30.91477603
18.48	-39.82855662
18.49	-40.44690676
18.50	-41.13517708
18.51	-42.19964003
18.52	-42.27173731
18.53	-38.27070218
18.54	-35.37109965
18.55	-38.23133196
18.56	-41.89008052
18.57	-47.17464983
18.58	-39.00834821
18.59	-41.04306738
18.60	-44.51492397
18.61	-43.22157861
18.62	-36.84091202
18.63	-39.87845959
18.64	-40.71693544
18.65	-32.77821700
18.66	-49.69069141
18.67	-46.82264290
18.68	-41.25945385
18.69	-40.34550093
18.70	-34.43479730
18.71	-33.29144955
18.72	-32.59306427
18.73	-29.77701241
18.74	-32.47687283
18.75	-31.49355352
18.76	-26.93041514
18.77	-28.51144071
18.78	-36.15735514
18.79	-35.78517995
18.80	-32.32581619
18.81	-33.59061494
18.82	-29.04906643
18.83	-33.95325261
18.84	-38.01029396
18.85	-32.93880089
18.86	-35.84543832
18.87	-41.88413047
18.88	-39.74099281
18.89	-45.94894930
18.90	-40.69856666
18.91	-37.38173110
18.92	-42.61770122
18.93	-51.40183649
18.94	-44.00852316
18.95	-37.63336518
18.96	-39.43898349
18.97	-40.32102364
18.98	-37.98437020
18.99	-34.92911781
19.00	-39.54580328
19.01	-34.74305662
19.02	-40.75407957
19.03	-38.40150165
19.04	-42.78804586
19.05	-46.37920408
19.06	-56.39155733
19.07	-47.10413334
19.08	-48.30312641
19.09	-52.75225786
19.10	-53.61445599
19.11	-56.93459175
19.12	-44.78158434
19.13	-46.20885203
19.14	-54.55229538
19.15	-56.72258625
19.16	-52.31712879
19.17	-54.65518257
19.18	-54.78935704
19.19	-49.17142946
19.20	-53.59497941
19.21	-53.45348372
19.22	-59.02605255
19.23	-62.56294619
19.24	-52.16812234
19.25	-56.91024304
19.26	-39.81871915
19.27	-38.29866346
19.28	-41.34248731
19.29	-36.91115748
19.30	-43.29653678
19.31	-30.00437594
19.32	-39.85522488
19.33	-36.65788765
19.34	-38.76321938
19.35	-34.99340772
19.36	-39.58278678
19.37	-48.79179777
19.38	-53.73491775
19.39	-50.18633410
19.40	-48.77364696
19.41	-44.59258936
19.42	-39.81548611
19.43	-38.29266967
19.44	-40.01536111
19.45	-43.58793425
19.46	-41.53093186
19.47	-36.56612809
19.48	-33.35623253
19.49	-43.62485968
19.50	-46.15844405
19.51	-45.10295647
19.52	-36.41416011
19.53	-37.18788717
19.54	-38.66750476
19.55	-40.71934677
19.56	-48.33456474
19.57	-33.11700978
19.58	-41.45283363
19.59	-36.49911637
19.60	-43.23389696
19.61	-44.01502746
19.62	-44.28298994
19.63	-39.93939529
19.64	-40.36441513
19.65	-39.10478177
19.66	-38.60139290
19.67	-35.52578607
19.68	-37.43253368
19.69	-52.02386565
19.70	-43.72123372
19.71	-48.04844620
19.72	-53.63900714
19.73	-52.73540891
19.74	-50.75908745
19.75	-49.76753248
19.76	-57.31527028
19.77	-49.05350929
19.78	-53.58226431
19.79	-38.84013358
19.80	-46.68112330
19.81	-55.20488023
19.82	-49.91800690
19.83	-53.88312927
19.84	-53.23591106
19.85	-51.63842994
19.86	-51.64953845
19.87	-51.42564935
19.88	-50.84564768
19.89	-49.26294930
19.90	-48.94694954
19.91	-53.39509987
19.92	-50.70040102
19.93	-56.20898252
19.94	-47.86029491
19.95	-50.44471603
19.96	-50.27358888
19.97	-54.63270288
19.98	-54.23553486
19.99	-54.52822344
20.00	-54.04395384
20.01	-43.05632741
20.02	-47.92500810
20.03	-56.18321507
20.04	-53.57106283
20.05	-51.56243855
20.06	-49.70835896
20.07	-49.81536015
20.08	-34.46672966
20.09	-53.38744858
20.10	-46.00174065
20.11	-46.28813286
20.12	-47.61659940
20.13	-53.06727124
20.14	-54.28390986
20.15	-47.55930781
20.16	-54.52211852
20.17	-51.81456235
20.18	-51.90666393
20.19	-55.22091201
20.20	-39.99628033
20.21	-56.12967253
20.22	-54.58288405
20.23	-51.09357024
20.24	-49.22773085
20.25	-52.04076574
20.26	-55.04678893
20.27	-51.06598826
20.28	-38.85692397
20.29	-44.93201527
20.30	-44.84630686
20.31	-42.82522297
20.32	-40.01093377
20.33	-37.95893114
20.34	-40.61527149
20.35	-49.24116608
20.36	-57.49201526
20.37	-52.03741034
20.38	-43.63682717
20.39	-40.89008387
20.40	-39.88241656
20.41	-45.77102603
20.42	-48.45385800
20.43	-61.46683529
20.44	-43.83242493
20.45	-40.63545265
20.46	-43.70784558
20.47	-35.51723492
20.48	-35.60628487
20.49	-36.25660156
20.50	-39.75168736
20.51	-34.14853081
20.52	-36.74893903
20.53	-34.77198660
20.54	-33.19664267
20.55	-32.99289816
20.56	-34.63802460
20.57	-31.86057957
20.58	-34.43995409
20.59	-29.87335419
20.60	-38.91020289
20.61	-38.93732240
20.62	-38.05191967
20.63	-36.50900500
20.64	-37.78785227
20.65	-30.98404181
20.66	-36.57834415
20.67	-31.19683124
20.68	-29.36909296
20.69	-31.60185299
20.70	-30.20884750
20.71	-32.29771700
20.72	-36.15158507
20.73	-43.42730136
20.74	-42.28806451
20.75	-41.52594285
20.76	-38.45659773
20.77	-35.59231523
20.78	-38.80533984
20.79	-43.44435084
20.80	-41.73665103
20.81	-39.66404037
20.82	-38.02290103
20.83	-45.17905327
20.84	-64.10401096
20.85	-41.19196006
20.86	-44.51166919
20.87	-44.27123587
20.88	-43.04699854
20.89	-34.67009606
20.90	-42.42975260
20.91	-44.31943544
20.92	-44.11823396
20.93	-42.43603081
20.94	-45.92035012
20.95	-52.55501670
20.96	-54.26986899
20.97	-58.73436493
20.98	-57.33297774
20.99	-52.87571197
21.00	-59.50774758
21.01	-59.41571674
21.02	-56.01593926
21.03	-52.98408267
21.04	-54.38334175
21.05	-54.82601048
21.06	-61.83497176
21.07	-60.81332573
21.08	-56.77199495
21.09	-62.83100689
21.10	-62.04496435
21.11	-55.98732167
21.12	-60.54921627
21.13	-42.76950045
21.14	-62.24773395
21.15	-50.04906880
21.16	-56.29801526
21.17	-51.76069882
21.18	-54.54546818
21.19	-62.59281832
21.20	-60.19904275
21.21	-64.33646674
21.22	-54.22952124
21.23	-54.75575427
21.24	-58.96466368
21.25	-61.01945073
21.26	-62.09768424
21.27	-59.89433027
21.28	-61.49736182
21.29	-62.49421770
21.30	-60.58803797
21.31	-57.59066153
21.32	-55.49311039
21.33	-58.36817038
21.34	-59.32319954
21.35	-60.33904323
21.36	-56.78667372
21.37	-61.56252721
21.38	-51.98939122
21.39	-58.48354323
21.40	-57.46508290
21.41	-64.32625546
21.42	-62.66849566
21.43	-60.22851550
21.44	-49.65845982
21.45	-54.08849041
21.46	-50.28718472
21.47	-50.71050308
21.48	-41.17897130
21.49	-55.54616799
21.50	-57.13468113
21.51	-54.42331211
21.52	-57.62127745
21.53	-53.52097583
21.54	-52.40233960
21.55	-54.23396316
21.56	-55.72570121
21.57	-48.43184868
21.58	-56.50384294
21.59	-50.11021699
21.60	-58.17354801
21.61	-49.49788859
21.62	-52.15361278
21.63	-45.71262951
21.64	-52.94305996
21.65	-53.56374352
21.66	-50.87274447
21.67	-58.20410369
21.68	-57.44658720
21.69	-50.27026097
21.70	-62.33977554
21.71	-67.15587448
21.72	-50.25107813
21.73	-57.11315699
21.74	-48.90449376
21.75	-37.69897727
21.76	-37.80410490
21.77	-41.33361326
21.78	-49.07361685
21.79	-31.45691155
21.80	-42.52444883
21.81	-42.45135992
21.82	-36.38941370
21.83	-41.87969046
21.84	-38.32374615
21.85	-44.30897775
21.86	-43.43591537
21.87	-40.01948038
21.88	-36.87526982
21.89	-33.30552555
21.90	-29.82238239
21.91	-31.34886853
21.92	-37.51997847
21.93	-38.10476934
21.94	-31.38159248
21.95	-36.14235108
21.96	-31.02034941
21.97	-33.17864840
21.98	-21.90558364
21.99	-27.55102102
22.00	-27.34449114
22.01	-34.68320003
22.02	-37.50706069
22.03	-32.76239052
22.04	-32.81794740
22.05	-36.05902507
22.06	-37.78168784
22.07	-36.75804085
22.08	-36.51454013
22.09	-35.21049735
22.10	-34.58351934
22.11	-33.50050261
22.12	-26.69102651
22.13	-33.21230806
22.14	-33.95373875
22.15	-37.81564936
22.16	-34.37976575
22.17	-31.82905256
22.18	-33.93788813
22.19	-34.99030615
22.20	-38.32786900
22.21	-36.33566991
22.22	-39.05922775
22.23	-30.99982551
22.24	-30.97289362
22.25	-32.23410084
22.26	-31.64934702
22.27	-32.99241585
22.28	-37.36913358
22.29	-32.02848636
22.30	-38.26238454
22.31	-35.76792732
22.32	-36.60322919
22.33	-38.63805280
22.34	-37.57223612
22.35	-35.06566370
22.36	-37.60549185
22.37	-37.84439075
22.38	-37.91392039
22.39	-39.75075380
22.40	-37.36805232
22.41	-41.93891489
22.42	-37.53073205
22.43	-42.66985060
22.44	-35.56340127
22.45	-39.43678511
22.46	-39.24090366
22.47	-37.11589027
22.48	-41.27320552
22.49	-34.62314601
22.50	-39.83806499
22.51	-34.90310419
22.52	-36.16356332
22.53	-30.35443234
22.54	-35.05087522
22.55	-34.52514649
22.56	-37.31875667
22.57	-34.97146413
22.58	-27.58573349
22.59	-36.95809104
22.60	-36.33038717
22.61	-33.71980041
22.62	-31.42362426
22.63	-37.23595098
22.64	-35.72217182
22.65	-38.97022799
22.66	-39.51750763
22.67	-33.81741896
22.68	-34.18379467
22.69	-34.64939028
22.70	-32.63682838
22.71	-37.87181379
22.72	-32.38598731
22.73	-39.38167469
22.74	-40.16497297
22.75	-35.31008220
22.76	-34.77856666
22.77	-40.07731164
22.78	-37.92555328
22.79	-38.12981570
22.80	-36.22889745
22.81	-40.36236088
22.82	-35.63848827
22.83	-38.50697106
22.84	-40.91269190
22.85	-41.05949209
22.86	-43.97014266
22.87	-44.38665222
22.88	-43.75395217
22.89	-51.62495456
22.90	-36.63568138
22.91	-38.98053487
22.92	-44.04989386
22.93	-37.51258769
22.94	-37.93644309
22.95	-39.76683865
22.96	-38.34495959
22.97	-43.05741250
22.98	-38.53208196
22.99	-31.82700118
23.00	-36.77967613
23.01	-35.77812761
23.02	-34.23890008
23.03	-41.84905423
23.04	-36.27682001
23.05	-40.23176671
23.06	-34.97480041
23.07	-34.75473468
23.08	-37.54902866
23.09	-38.91527483
23.10	-44.57424711
23.11	-38.69958769
23.12	-40.80502173
23.13	-46.26183291
23.14	-40.04514840
23.15	-39.68824974
23.16	-55.43702793
23.17	-49.15967899
23.18	-52.72481259
23.19	-53.21978964
23.20	-51.22025738
23.21	-50.14569619
23.22	-50.60758099
23.23	-58.85464265
23.24	-53.55265843
23.25	-58.63588477
23.26	-54.03746794
23.27	-52.86220217
23.28	-41.52204802
23.29	-55.66098276
23.30	-59.09013644
23.31	-47.16507191
23.32	-43.64770958
23.33	-57.15777889
23.34	-57.65271579
23.35	-52.34783051
23.36	-52.72832287
23.37	-51.11744118
23.38	-48.43087688
23.39	-57.76650236
23.40	-55.61793400
23.41	-59.71763787
23.42	-55.91623372
23.43	-49.92291751
23.44	-60.01182549
23.45	-61.02298084
23.46	-55.99191847
23.47	-51.71522894
23.48	-56.00078438
23.49	-43.09453105
23.50	-60.74726144
23.51	-61.24016894
23.52	-55.76649399
23.53	-49.98714576
23.54	-49.34980470
23.55	-62.78678247
23.56	-55.51542062
23.57	-56.32502817
23.58	-38.06882981
23.59	-49.54270958
23.60	-45.68462306
23.61	-46.64697512
23.62	-47.39639194
23.63	-45.36165557
23.64	-47.96941704
23.65	-43.73886828
23.66	-43.32969476
23.67	-45.72123826
23.68	-59.55542563
23.69	-50.33127411
23.70	-48.71654132
23.71	-56.40968066
23.72	-50.00356235
23.73	-55.51239361
23.74	-54.60570456
23.75	-56.77352674
23.76	-53.67818066
23.77	-57.03290604
23.78	-52.82971866
23.79	-53.54745241
23.80	-65.65528868
23.81	-62.08068950
23.82	-55.48185585
23.83	-54.57231163
23.84	-54.14041727
23.85	-60.55750570
23.86	-53.40300093
23.87	-47.71802435
23.88	-54.69164098
23.89	-56.98760011
23.90	-59.47277124
23.91	-62.07988739
23.92	-58.50578223
23.93	-62.21559174
23.94	-55.26500164
23.95	-50.97249734
23.96	-39.15410012
23.97	-43.23159390
23.98	-39.28262020
23.99	-42.71898014
24.00	-41.27297679
24.01	-40.70817708
24.02	-39.02708459
24.03	-38.65815127
24.04	-43.22934199
24.05	-41.20344405
24.06	-38.83853965
24.07	-43.55230208
24.08	-38.59936064
24.09	-43.01955566
24.10	-39.39596150
24.11	-39.66087498
24.12	-40.96540676
24.13	-40.21560251
24.14	-42.83952627
24.15	-37.50152029
24.16	-58.82889911
24.17	-62.03564074
24.18	-52.94646627
24.19	-60.22170647
24.20	-41.09883697
24.21	-43.50557574
24.22	-41.40542517
24.23	-50.90017301
24.24	-45.44007024
24.25	-43.81560179
24.26	-38.80106738
24.27	-54.99409629
24.28	-56.47146890
24.29	-40.23343784
24.30	-56.78032812
24.31	-61.52692205
24.32	-59.33301909
24.33	-62.09001478
24.34	-59.86949471
24.35	-59.97538524
24.36	-41.53522608
24.37	-39.62866083
24.38	-45.55014218
24.39	-47.65753080
24.40	-46.65673611
24.41	-42.05909056
24.42	-38.70772225
24.43	-43.94619859
24.44	-47.88967469
24.45	-50.29360322
24.46	-39.28066609
24.47	-46.81476360
24.48	-47.82489792
24.49	-45.99670050
24.50	-44.36050738
24.51	-40.76071030
24.52	-36.46656929
24.53	-37.17754730
24.54	-44.27156953
24.55	-43.23411231
24.56	-38.01459964
24.57	-40.73968305
24.58	-32.88292087
24.59	-33.91002555
24.60	-38.64550547
24.61	-34.17342923
24.62	-36.15054491
24.63	-38.55251384
24.64	-33.15240414
24.65	-33.83333124
24.66	-35.91982312
24.67	-37.61545337
24.68	-36.38808817
24.69	-38.08771891
24.70	-29.37613669
24.71	-35.54895672
24.72	-37.53513406
24.73	-30.83758865
24.74	-37.11836088
24.75	-36.54973779
24.76	-48.49502268
24.77	-33.92127245
24.78	-37.92400715
24.79	-38.12493425
24.80	-37.70736900
24.81	-36.23201934
24.82	-33.78581451
24.83	-36.45905471
24.84	-34.10774974
24.85	-33.73867135
24.86	-29.11882192
24.87	-33.52781499
24.88	-29.55677675
24.89	-36.56082072
24.90	-34.75328487
24.91	-40.14176838
24.92	-39.96439147
24.93	-29.71229444
24.94	-36.40083244
24.95	-31.40945194
24.96	-37.45750165
24.97	-38.12072010
24.98	-37.30201360
24.99	-38.47525308
25.00	-34.96993449
25.01	-35.37600811
25.02	-31.92866370
25.03	-34.61285705
25.04	-32.84139195
25.05	-36.61227627
25.06	-33.82856619
25.07	-27.32606499
25.08	-34.84964960
25.09	-32.51132670
25.10	-40.67037832
25.11	-39.73497536
25.12	-41.18311326
25.13	-31.12535945
25.14	-30.07643951
25.15	-25.32799855
25.16	-27.51172513
25.17	-32.59296222
25.18	-27.11040534
25.19	-29.37096079
25.20	-28.76734320
25.21	-40.31008745
25.22	-33.33106929
25.23	-36.24720242
25.24	-37.23551623
25.25	-31.59945863
25.26	-36.39820672
25.27	-28.57878153
25.28	-37.43452029
25.29	-33.02012976
25.30	-36.84287952
25.31	-39.90789577
25.32	-36.13194692
25.33	-37.09338693
25.34	-39.48927651
25.35	-39.37812139
25.36	-39.69918425
25.37	-50.22033793
25.38	-42.12102842
25.39	-51.25182717
25.40	-49.75343520
25.41	-51.05287760
25.42	-49.60539314
25.43	-46.77185896
25.44	-45.77014362
25.45	-44.21694739
25.46	-45.30154491
25.47	-44.82285872
25.48	-39.33909128
25.49	-46.44349448
25.50	-40.74540509
25.51	-47.58839577
25.52	-43.12493019
25.53	-46.20951049
25.54	-53.75457310
25.55	-50.67415939
25.56	-50.38463812
25.57	-47.63210059
25.58	-44.23812689
25.59	-46.44928200
25.60	-47.72062449
25.61	-50.02914911
25.62	-45.66416369
25.63	-53.14134772
25.64	-48.63884318
25.65	-49.88264815
25.66	-52.54774471
25.67	-42.73244118
25.68	-48.28131952
25.69	-53.27450666
25.70	-49.60338190
25.71	-50.10693663
25.72	-41.17131905
25.73	-51.25127268
25.74	-52.40989051
25.75	-49.09980733
25.76	-52.49651813
25.77	-52.35406498
25.78	-49.62781642
25.79	-44.21680877
25.80	-57.38517110
25.81	-53.76967325
25.82	-52.99828749
25.83	-51.47374519
25.84	-50.68380924
25.85	-52.88852196
25.86	-47.81232693
25.87	-45.09810968
25.88	-42.10636589
25.89	-51.18759916
25.90	-45.55891656
25.91	-40.03462330
25.92	-47.79386422
25.93	-49.69831187
25.94	-47.45968998
25.95	-50.06749878
25.96	-50.25944596
25.97	-44.44917158
25.98	-47.85646579
25.99	-50.88585322
26.00	-47.98792899
26.01	-49.04118090
26.02	-45.12917254
26.03	-50.23216154
26.04	-42.07931092
26.05	-46.01051336
26.06	-51.07912640
26.07	-51.89757956
26.08	-51.20151216
26.09	-51.17786708
26.10	-45.46899041
26.11	-43.19981164
26.12	-50.64553845
26.13	-51.01754801
26.14	-46.41505542
26.15	-51.12197966
26.16	-47.53601479
26.17	-49.86534892
26.18	-40.77145433
26.19	-40.64825619
26.20	-52.95430351
26.21	-49.08974710
26.22	-44.42315055
26.23	-43.64097010
26.24	-49.48556570
26.25	-50.88732478
26.26	-50.80747703
26.27	-51.94259557
26.28	-46.02558793
26.29	-49.38047751
26.30	-41.66024687
26.31	-42.89704108
26.32	-49.38232645
26.33	-46.91832359
26.34	-48.03369070
26.35	-50.51454371
26.36	-51.74163644
26.37	-46.37145624
26.38	-51.63035920
26.39	-52.23533338
26.40	-46.83589218
26.41	-49.52005136
26.42	-51.63973730
26.43	-50.18658745
26.44	-45.94857932
26.45	-47.61754753
26.46	-47.47962234
26.47	-51.40010442
26.48	-49.50616919
26.49	-50.09705901
26.50	-53.03618090
26.51	-50.42615843
26.52	-51.50672440
26.53	-49.81466751
26.54	-54.64881139
26.55	-49.80417134
26.56	-49.20251216
26.57	-46.40690270
26.58	-52.91567325
26.59	-52.04643855
26.60	-49.27408530
26.61	-53.72863047
26.62	-48.07540246
26.63	-37.82712259
26.64	-46.87449113
26.65	-47.80232526
26.66	-48.90600356
26.67	-48.82944500
26.68	-53.10123850
26.69	-54.01784199
26.70	-46.48762139
26.71	-52.44225355
26.72	-42.78884008
26.73	-54.27566393
26.74	-56.12343807
26.75	-43.11786972
26.76	-36.79439338
26.77	-51.99510585
26.78	-51.80613262
26.79	-48.32724161
26.80	-51.09603176
26.81	-53.48196627
26.82	-54.42798563
26.83	-49.65772679
26.84	-54.16045910
26.85	-52.47452698
26.86	-37.98867493
26.87	-45.69878487
26.88	-39.83982933
26.89	-48.63902483
26.90	-50.23955757
26.91	-62.39873730
26.92	-48.83054467
26.93	-49.64158912
26.94	-53.60313596
26.95	-51.18178224
26.96	-50.96538214
26.97	-51.91868807
26.98	-53.27731832
26.99	-53.18242875
27.00	-50.28337378
27.01	-52.42071436
27.02	-48.27544046
27.03	-48.03145671
27.04	-46.01592349
27.05	-48.21873802
27.06	-46.22514123
27.07	-49.17118496
27.08	-52.21309629
27.09	-46.03356929
27.10	-49.87275045
27.11	-50.29036469
27.12	-44.97778081
27.13	-35.01939171
27.14	-30.41326217
27.15	-25.06581141
27.16	-30.29865414
27.17	-29.18500261
27.18	-48.07521818
27.19	-46.47422153
27.20	-51.17411995
27.21	-47.87001431
27.22	-51.91312832
27.23	-50.09227387
27.24	-48.89632454
27.25	-49.82751551
27.26	-48.58364887
27.27	-52.64160776
27.28	-47.74249902
27.29	-45.27164003
27.30	-49.72799782
27.31	-50.83490198
27.32	-43.66654969
27.33	-46.29320934
27.34	-42.29819477
27.35	-49.40825069
27.36	-39.30427364
27.37	-44.00468281
27.38	-45.00079108
27.39	-43.32474041
27.40	-47.95015939
27.41	-46.44638262
27.42	-47.79806570
27.43	-45.03103343
27.44	-47.99570576
27.45	-47.16386302
27.46	-47.65807215
27.47	-42.70682526
27.48	-46.76897607
27.49	-43.87672106
27.50	-51.52889218
27.51	-43.33470576
27.52	-48.12587234
27.53	-49.00279132
27.54	-42.16475715
27.55	-47.43177244
27.56	-51.78776479
27.57	-46.70676121
27.58	-42.62812593
27.59	-51.34622822
27.60	-42.54557933
27.61	-44.00374376
27.62	-48.39864887
27.63	-33.39468593
27.64	-50.07259318
27.65	-52.12039098
27.66	-50.31787186
27.67	-41.03457885
27.68	-48.18570600
27.69	-52.35407765
27.70	-54.30100833
27.71	-48.72868377
27.72	-43.72912545
27.73	-43.88342206
27.74	-44.89852555
27.75	-48.25853319
27.76	-49.06639935
27.77	-47.09778057
27.78	-46.25549280
27.79	-53.18252913
27.80	-44.99150404
27.81	-46.63299089
27.82	-45.72163214
27.83	-49.31393544
27.84	-48.27205279
27.85	-41.22138884
27.86	-44.58302340
27.87	-50.05164361
27.88	-48.24369572
27.89	-48.26751407
27.90	-45.32167038
27.91	-50.65587186
27.92	-44.93409223
27.93	-43.24632192
27.94	-45.29889720
27.95	-49.91175619
27.96	-51.97605231
27.97	-52.35589218
27.98	-46.19128845
27.99	-37.16973397
28.00	-29.49087307
28.01	-32.46522919
28.02	-33.00156236
28.03	-32.38729635
28.04	-33.24169716
28.05	-30.50384009
28.06	-32.43935992
28.07	-33.42435275
28.08	-35.33995481
28.09	-34.51083937
28.10	-30.68770935
28.11	-32.53580949
28.12	-38.36068784
28.13	-37.00477149
28.14	-27.86384152
28.15	-35.74480806
28.16	-32.25895553
28.17	-40.38287856
28.18	-41.45627985
28.19	-40.26488454
28.20	-39.65641752
28.21	-39.42891059
28.22	-33.41049377
28.23	-36.81518569
28.24	-49.20931761
28.25	-53.00722965
28.26	-48.92650666
28.27	-35.88998827
28.28	-46.23901599
28.29	-41.77051384
28.30	-44.35477985
28.31	-40.08884415
28.32	-38.17496102
28.33	-34.67696771
28.34	-49.30605088
28.35	-40.18485968
28.36	-32.33488574
28.37	-31.69147728
28.38	-37.09095528
28.39	-38.98883459
28.40	-31.29492111
28.41	-44.33241871
28.42	-36.37628129
28.43	-34.34285466
28.44	-33.51335992
28.45	-35.50249878
28.46	-26.06271055
28.47	-39.63696556
28.48	-38.25173922
28.49	-31.13392637
28.50	-36.29321580
28.51	-27.19688335
28.52	-35.24037020
28.53	-37.30135610
28.54	-40.16444333
28.55	-39.10503870
28.56	-33.93731069
28.57	-38.67246078
28.58	-40.32638286
28.59	-37.07851169
28.60	-33.62298516
28.61	-38.89367684
28.62	-33.54144692
28.63	-43.51725213
28.64	-39.83509391
28.65	-38.49274591
28.66	-35.42017445
28.67	-37.21025309
28.68	-41.51512856
28.69	-39.35946747
28.70	-37.95394094
28.71	-35.21243569
28.72	-38.16302101
28.73	-36.22855734
28.74	-40.01095361
28.75	-39.29304013
28.76	-37.11070146
28.77	-35.17597536
28.78	-35.21290055
28.79	-30.55202699
28.80	-35.67642182
28.81	-31.66783292
28.82	-38.17781929
28.83	-31.93184606
28.84	-33.17251432
28.85	-28.85347895
28.86	-31.88377125
28.87	-32.44596772
28.88	-36.37202603
28.89	-35.54046126
28.90	-30.91593593
28.91	-31.74959033
28.92	-24.79251218
28.93	-29.66040319
28.94	-20.35347728
28.95	-25.55187857
28.96	-27.05473469
28.97	-24.36204157
28.98	-25.01583244
28.99	-26.76257073
29.00	-26.06232886
29.01	-25.28700811
29.02	-27.24745242
29.03	-21.71708149
29.04	-29.08047202
29.05	-25.86360013
29.06	-26.57601719
29.07	-24.06497895
29.08	-26.15391585
29.09	-24.24643880
29.10	-22.13498875
29.11	-16.28044502
29.12	-23.62222465
29.13	-25.63063813
29.14	-21.74227747
29.15	-27.79469023
29.16	-26.96494167
29.17	-25.97309200
29.18	-23.12013885
29.19	-21.88394860
29.20	-23.44575979
29.21	-23.43919669
29.22	-23.29403249
29.23	-29.33813646
29.24	-24.50106213
29.25	-27.93603368
29.26	-30.00550261
29.27	-28.43856045
29.28	-31.22444597
29.29	-27.10803249
29.30	-28.89921939
29.31	-29.04871365
29.32	-29.79392709
29.33	-28.94672560
29.34	-30.85335347
29.35	-27.06862307
29.36	-28.61532575
29.37	-30.12806045
29.38	-27.55230615
29.39	-31.98889339
29.40	-28.02639602
29.41	-29.42627747
29.42	-25.10354755
29.43	-25.69710037
29.44	-27.37057766
29.45	-28.26076719
29.46	-30.03590056
29.47	-24.38708675
29.48	-21.35921055
29.49	-27.53321055
29.50	-27.78011949
29.51	-28.19984128
29.52	-25.55001385
29.53	-25.65451791
29.54	-26.05849281
29.55	-29.23213383
29.56	-26.29976194
29.57	-29.32716633
29.58	-31.37562881
29.59	-29.41142207
29.60	-30.93129229
29.61	-29.12220840
29.62	-26.46482193
29.63	-28.89157264
29.64	-29.93549759
29.65	-27.85872871
29.66	-26.64681093
29.67	-29.85698947
29.68	-27.47517661
29.69	-28.32296007
29.70	-31.69391991
29.71	-30.13622823
29.72	-31.43000739
29.73	-34.70361016
29.74	-36.71748970
29.75	-37.80745361
29.76	-37.67428750
29.77	-39.24214290
29.78	-31.88914506
29.79	-34.10987785
29.80	-36.69190270
29.81	-32.98245314
29.82	-38.98684080
29.83	-41.23565915
29.84	-37.80192493
29.85	-37.65214147
29.86	-33.53835514
29.87	-34.38441107
29.88	-43.39087569
29.89	-32.77175404
29.90	-33.10648468
29.91	-21.48428871
29.92	-27.28560132
29.93	-35.23050165
29.94	-33.82420122
29.95	-37.14627125
29.96	-31.00929468
29.97	-30.67816824
29.98	-29.00963478
29.99	-32.79842804
30.00	-40.19241441
30.01	-36.77887211
30.02	-36.74708076
30.03	-35.39695624
30.04	-35.88068330
30.05	-38.35223874
30.06	-32.04232455
30.07	-32.31701193
30.08	-38.62202818
30.09	-40.01488884
30.10	-25.48939865
30.11	-35.97603344
30.12	-34.62506523
30.13	-43.31065413
30.14	-39.05354133
30.15	-35.56318808
30.16	-40.24040533
30.17	-44.63946173
30.18	-39.61630399
30.19	-41.67668903
30.20	-35.20536231
30.21	-39.31553009
30.22	-33.72522417
30.23	-37.98672608
30.24	-36.32143019
30.25	-33.05807168
30.26	-37.28431499
30.27	-39.03391155
30.28	-46.04403606
30.29	-35.79362187
30.30	-41.10843401
30.31	-42.06566871
30.32	-41.80067039
30.33	-44.90208649
30.34	-48.50107669
30.35	-36.55417613
30.36	-34.98234200
30.37	-38.80405065
30.38	-29.61633483
30.39	-34.33545361
30.40	-33.98420170
30.41	-37.23761040
30.42	-32.50518784
30.43	-31.12834797
30.44	-27.30114458
30.45	-29.03381499
30.46	-32.12934056
30.47	-28.31858626
30.48	-30.52787881
30.49	-27.50259415
30.50	-31.80952603
30.51	-30.54446676
30.52	-30.99964936
30.53	-30.33897656
30.54	-30.59205949
30.55	-31.43231093
30.56	-31.02547847
30.57	-36.23976169
30.58	-33.27703201
30.59	-34.44284319
30.60	-33.73144405
30.61	-30.81877149
30.62	-31.38198277
30.63	-27.74160180
30.64	-35.23489530
30.65	-39.61759582
30.66	-36.01600834
30.67	-33.11417780
30.68	-41.32332909
30.69	-37.09552388
30.70	-36.19094931
30.71	-32.54126934
30.72	-37.05205925
30.73	-35.25151360
30.74	-35.99343545
30.75	-40.10103774
30.76	-38.99205041
30.77	-33.69711924
30.78	-37.94723994
30.79	-35.29618401
30.80	-35.99757120
30.81	-35.39158411
30.82	-42.20826121
30.83	-34.95953965
30.84	-33.67059869
30.85	-31.57143641
30.86	-36.38491800
30.87	-34.17354157
30.88	-37.97842493
30.89	-43.17926957
30.90	-38.92627579
30.91	-38.70963573
30.92	-48.69103295
30.93	-47.98790700
30.94	-45.24738621
30.95	-44.65717110
30.96	-40.81808865
30.97	-43.59811685
30.98	-43.77096317
30.99	-39.70956809
31.00	-39.07523516
31.01	-43.00216322
31.02	-38.42623707
31.03	-40.96637761
31.04	-36.19154993
31.05	-41.09615844
31.06	-38.45890796
31.07	-38.29020050
31.08	-41.37568712
31.09	-40.03203870
31.10	-34.10279467
31.11	-35.80700333
31.12	-34.70790629
31.13	-36.21003631
31.14	-36.88344262
31.15	-40.26889983
31.16	-45.67777411
31.17	-47.07220456
31.18	-46.16364290
31.19	-40.94545146
31.20	-37.94021962
31.21	-42.09084271
31.22	-40.70753439
31.23	-38.84033124
31.24	-42.95929252
31.25	-42.19549520
31.26	-43.59085370
31.27	-45.75655901
31.28	-41.49418975
31.29	-32.30565892
31.30	-35.34042660
31.31	-38.07716202
31.32	-45.10695337
31.33	-43.18168544
31.34	-44.51022870
31.35	-38.93856164
31.36	-41.86763884
31.37	-46.06148300
31.38	-39.53620982
31.39	-35.85400141
31.40	-30.59557790
31.41	-33.16363239
31.42	-35.57400954
31.43	-33.61572512
31.44	-33.01652747
31.45	-31.84424138
31.46	-32.63354539
31.47	-34.99891943
31.48	-38.05445624
31.49	-36.55550165
31.50	-36.74905567
31.51	-35.42620648
31.52	-38.64383960
31.53	-35.20511709
31.54	-39.13508220
31.55	-40.18026456
31.56	-40.91777579
31.57	-42.85812737
31.58	-37.23116083
31.59	-44.96365246
31.60	-39.64317278
31.61	-36.90090318
31.62	-35.04487139
31.63	-38.34516346
31.64	-36.13210586
31.65	-36.72639912
31.66	-36.78341728
31.67	-42.45257144
31.68	-35.66892111
31.69	-39.60886064
31.70	-40.50180232
31.71	-36.67826790
31.72	-42.85414864
31.73	-40.07801360
31.74	-42.87915007
31.75	-43.26977196
31.76	-43.19833291
31.77	-33.49797082
31.78	-40.49476384
31.79	-45.54486494
31.80	-42.12980112
31.81	-34.59862952
31.82	-35.57408602
31.83	-42.43122584
31.84	-47.39909581
31.85	-43.91638860
31.86	-46.88644046
31.87	-47.69688501
31.88	-45.57074926
31.89	-40.35640629
31.90	-41.66337761
31.91	-41.29188979
31.92	-40.61555232
31.93	-31.48410323
31.94	-37.31677627
31.95	-29.92170409
31.96	-40.72955829
31.97	-36.19848922
31.98	-36.67426145
31.99	-35.54792565
32.00	-33.92362976
32.01	-33.41719381
32.02	-34.88417756
32.03	-35.21513693
32.04	-32.67529635
32.05	-36.55159678
32.06	-35.46821915
32.07	-28.66164434
32.08	-32.46082360
32.09	-30.89762928
32.10	-28.03440486
32.11	-32.16990629
32.12	-34.51555113
32.13	-33.98475763
32.14	-30.93049449
32.15	-30.39231667
32.16	-35.92263478
32.17	-35.08552866
32.18	-36.36485084
32.19	-36.57727029
32.20	-29.84925118
32.21	-28.91237905
32.22	-34.75103870
32.23	-32.24102173
32.24	-32.54519549
32.25	-28.36069262
32.26	-32.99956762
32.27	-36.69024424
32.28	-31.03225859
32.29	-34.50664004
32.30	-30.57995027
32.31	-31.47958937
32.32	-30.82963287
32.33	-28.51027508
32.34	-37.49537044
32.35	-35.51328535
32.36	-34.25761709
32.37	-31.90578774
32.38	-38.48885227
32.39	-39.40089410
32.40	-33.17149855
32.41	-33.31642517
32.42	-29.13071365
32.43	-33.07738406
32.44	-31.99931619
32.45	-34.59148421
32.46	-39.13979778
32.47	-37.81605686
32.48	-34.70774233
32.49	-35.18575022
32.50	-36.01951312
32.51	-39.53969740
32.52	-33.91514386
32.53	-35.87552651
32.54	-35.07362856
32.55	-33.22684558
32.56	-34.11732407
32.57	-35.97479157
32.58	-38.53078894
32.59	-36.09593473
32.60	-34.85588526
32.61	-35.11662689
32.62	-40.31588693
32.63	-36.53127340
32.64	-38.92299185
32.65	-39.19004873
32.66	-35.84912259
32.67	-35.19901575
32.68	-36.92327101
32.69	-34.09919692
32.70	-39.10680208
32.71	-37.43436351
32.72	-39.76982455
32.73	-37.10898827
32.74	-33.77232431
32.75	-37.27330758
32.76	-34.99219883
32.77	-46.58734414
32.78	-47.67896938
32.79	-43.18837593
32.80	-40.64589290
32.81	-41.17311446
32.82	-36.78423683
32.83	-38.15062761
32.84	-33.64403966
32.85	-35.17657694
32.86	-37.53174878
32.87	-35.72073851
32.88	-33.40163956
32.89	-34.70917828
32.90	-44.73049280
32.91	-42.96821938
32.92	-52.98890580
32.93	-44.99383649
32.94	-37.18588024
32.95	-44.87162928
32.96	-36.01940701
32.97	-40.14558674
32.98	-36.08723205
32.99	-35.67819477
33.00	-37.41264243
33.01	-35.35004730
33.02	-43.76833124
33.03	-37.59445146
33.04	-38.89211303
33.05	-46.79352555
33.06	-40.26753224
33.07	-35.68874209
33.08	-46.98079036
33.09	-44.38535753
33.10	-52.45399854
33.11	-45.40632885
33.12	-44.30976097
33.13	-44.74256403
33.14	-36.43754563
33.15	-44.79158267
33.16	-37.62879204
33.17	-40.02415366
33.18	-39.73931523
33.19	-34.03614123
33.20	-39.78530304
33.21	-41.96820528
33.22	-36.42194357
33.23	-29.19037355
33.24	-33.81165533
33.25	-31.76947441
33.26	-34.92963836
33.27	-34.58884988
33.28	-36.54960825
33.29	-35.93760825
33.30	-34.49153081
33.31	-35.10421174
33.32	-34.47461399
33.33	-35.98914147
33.34	-39.85405590
33.35	-34.85628033
33.36	-38.79538263
33.37	-37.01647297
33.38	-40.16116919
33.39	-32.49485084
33.40	-34.94293043
33.41	-31.74578488
33.42	-40.60423396
33.43	-32.38888956
33.44	-39.88420624
33.45	-34.70879635
33.46	-35.05733961
33.47	-39.90192015
33.48	-32.66100859
33.49	-41.63224209
33.50	-34.86219644
33.51	-34.15750213
33.52	-29.27122752
33.53	-40.19074305
33.54	-39.65652507
33.55	-41.17197464
33.56	-42.98103559
33.57	-42.33540629
33.58	-34.60653679
33.59	-30.10459702
33.60	-38.65860418
33.61	-35.76325285
33.62	-39.58459391
33.63	-40.30809247
33.64	-37.94218282
33.65	-40.66893234
33.66	-43.60180662
33.67	-36.36320863
33.68	-39.78305662
33.69	-43.04922512
33.70	-40.45804921
33.71	-41.16398157
33.72	-32.98442446
33.73	-38.85893067
33.74	-32.97414195
33.75	-39.52912307
33.76	-37.78555280
33.77	-41.91876288
33.78	-42.71281522
33.79	-45.61012712
33.80	-39.00562044
33.81	-41.64317541
33.82	-36.71001432
33.83	-39.90720002
33.84	-49.62274376
33.85	-49.28021938
33.86	-50.53546460
33.87	-54.61566966
33.88	-54.36418998
33.89	-52.86439003
33.90	-49.32223396
33.91	-48.87696842
33.92	-53.04493735
33.93	-54.46878391
33.94	-47.15621149
33.95	-46.44337019
33.96	-46.50963884
33.97	-48.98587784
33.98	-42.84674257
33.99	-43.12848587
34.00	-44.75482144
34.01	-39.94777507
34.02	-48.38303989
34.03	-48.57837808
34.04	-43.44415557
34.05	-49.17901790
34.06	-47.18873874
34.07	-50.46680375
34.08	-51.95537999
34.09	-51.09449280
34.10	-52.97037545
34.11	-53.30936947
34.12	-51.43036469
34.13	-47.45722631
34.14	-53.57352076
34.15	-51.92867970
34.16	-56.56787568
34.17	-60.87728390
34.18	-49.42756116
34.19	-50.90540437
34.20	-53.32531570
34.21	-58.44353797
34.22	-49.02757956
34.23	-52.63648204
34.24	-53.99521460
34.25	-53.95091703
34.26	-59.06516966
34.27	-52.72748228
34.28	-51.67841512
34.29	-55.60002960
34.30	-59.16480948
34.31	-57.32036493
34.32	-55.94166201
34.33	-53.35882191
34.34	-59.76826646
34.35	-56.18162138
34.36	-56.91864743
34.37	-50.68852459
34.38	-50.26864720
34.39	-60.47669332
34.40	-50.48137856
34.41	-52.80576192
34.42	-61.04277458
34.43	-53.17140222
34.44	-57.71842444
34.45	-52.83353893
34.46	-61.21158792
34.47	-59.99898634
34.48	-52.22989027
34.49	-54.17101885
34.50	-59.36961947
34.51	-60.09916775
34.52	-53.87848874
34.53	-49.91544046
34.54	-59.29315412
34.55	-53.89154299
34.56	-53.79425905
34.57	-57.82714528
34.58	-59.07676311
34.59	-55.93872248
34.60	-59.23974662
34.61	-59.70759963
34.62	-51.19150690
34.63	-52.62886899
34.64	-53.43548611
34.65	-54.14254347
34.66	-59.45223371
34.67	-53.82704156
34.68	-57.15979036
34.69	-54.59683697
34.70	-54.96481139
34.71	-60.06829275
34.72	-56.58388955
34.73	-51.68380136
34.74	-54.96808983
34.75	-52.26489911
34.76	-49.44340174
34.77	-53.37202387
34.78	-47.30265819
34.79	-53.37967158
34.80	-54.51636374
34.81	-54.55926837
34.82	-55.15819022
34.83	-51.48340771
34.84	-55.05466632
34.85	-58.17097869
34.86	-47.47642373
34.87	-49.58347511
34.88	-61.51951335
34.89	-62.83589552
34.90	-60.28757215
34.91	-67.63370001
34.92	-46.85083363
34.93	-56.66131593
34.94	-58.79253175
34.95	-53.11211398
34.96	-40.87852937
34.97	-36.42836948
34.98	-36.71806308
34.99	-38.32752173
35.00	-36.84175404
35.01	-40.70363406
35.02	-42.26327364
35.03	-44.85627220
35.04	-31.67494668
35.05	-33.19212140
35.06	-33.65769836
35.07	-32.66182551
35.08	-29.61209224
35.09	-31.79495648
35.10	-30.33968043
35.11	-33.18387522
35.12	-32.68726791
35.13	-30.45414960
35.14	-39.90848396
35.15	-39.47567350
35.16	-42.20354037
35.17	-44.22614123
35.18	-37.19607383
35.19	-37.03830638
35.20	-37.88000858
35.21	-38.53879324
35.22	-33.41908124
35.23	-36.75561566
35.24	-40.78679156
35.25	-31.74717708
35.26	-36.44676289
35.27	-41.31816776
35.28	-35.80550978
35.29	-37.94138836
35.30	-36.51906332
35.31	-44.19202579
35.32	-41.33148803
35.33	-41.01024209
35.34	-45.74588071
35.35	-41.98249926
35.36	-44.59296317
35.37	-43.22946412
35.38	-44.96381116
35.39	-43.75341417
35.40	-43.86127053
35.41	-33.67293999
35.42	-34.82827531
35.43	-32.43838932
35.44	-39.54373253
35.45	-25.16323182
35.46	-32.06681284
35.47	-42.42412354
35.48	-38.80508817
35.49	-33.19147680
35.50	-33.81099018
35.51	-34.14810849
35.52	-23.77265415
35.53	-35.16624807
35.54	-34.19177723
35.55	-32.08226958
35.56	-34.45207837
35.57	-34.60834941
35.58	-36.74428918
35.59	-35.50822703
35.60	-36.93564219
35.61	-39.85233004
35.62	-36.39385299
35.63	-39.70930997
35.64	-33.77199616
35.65	-37.22297536
35.66	-39.25427244
35.67	-41.51927077
35.68	-42.10071126
35.69	-36.33020313
35.70	-38.81804921
35.71	-38.69803965
35.72	-41.06327961
35.73	-43.50231881
35.74	-45.02805375
35.75	-44.42035705
35.76	-42.80147201
35.77	-36.08480495
35.78	-42.14451456
35.79	-38.64176025
35.80	-37.60435729
35.81	-44.75468281
35.82	-41.79895815
35.83	-44.52742947
35.84	-38.58322297
35.85	-43.49791513
35.86	-42.13028774
35.87	-39.91715270
35.88	-35.79671246
35.89	-33.92627269
35.90	-35.14114984
35.91	-38.21435442
35.92	-37.92301049
35.93	-40.11353487
35.94	-41.39364649
35.95	-38.74855710
35.96	-42.18643616
35.97	-42.30126718
35.98	-40.06383793
35.99	-38.67347297
36.00	-41.21660036
36.01	-38.64101886
36.02	-38.29394047
36.03	-34.86005854
36.04	-42.38279108
36.05	-41.01390915
36.06	-41.82358960
36.07	-33.40535777
36.08	-40.62695982
36.09	-39.79056188
36.10	-39.91404921
36.11	-41.52806738
36.12	-37.43710514
36.13	-35.88327986
36.14	-35.63248636
36.15	-36.74630041
36.16	-34.48938000
36.17	-34.00651910
36.18	-36.07888072
36.19	-37.65148229
36.20	-43.59853606
36.21	-31.20166346
36.22	-34.50718975
36.23	-28.73911232
36.24	-36.14488860
36.25	-31.77762522
36.26	-34.04789243
36.27	-31.31641896
36.28	-41.00973779
36.29	-35.66143043
36.30	-37.29082096
36.31	-44.00752937
36.32	-38.14655328
36.33	-33.05241609
36.34	-32.43487379
36.35	-38.59942899
36.36	-39.56682240
36.37	-42.66079156
36.38	-33.58791705
36.39	-29.28698540
36.40	-35.85897034
36.41	-42.95881212
36.42	-41.46954491
36.43	-47.25135322
36.44	-46.91239744
36.45	-34.51318999
36.46	-35.43574855
36.47	-35.15656212
36.48	-30.22466896
36.49	-44.99667899
36.50	-41.13771174
36.51	-40.17401193
36.52	-41.02407502
36.53	-41.34661183
36.54	-42.68862689
36.55	-47.04892421
36.56	-48.56483243
36.57	-48.12529610
36.58	-51.76052196
36.59	-38.95051145
36.60	-40.90351623
36.61	-38.62555853
36.62	-41.41732072
36.63	-40.96236327
36.64	-38.00440653
36.65	-34.68777364
36.66	-41.78418066
36.67	-42.94647990
36.68	-40.60606833
36.69	-45.17952746
36.70	-44.96973014
36.71	-43.49953630
36.72	-44.15753320
36.73	-46.76140318
36.74	-44.02886183
36.75	-41.93765485
36.76	-46.26135155
36.77	-42.91616465
36.78	-42.49623086
36.79	-45.16742493
36.80	-40.89400332
36.81	-36.35617732
36.82	-38.58848922
36.83	-45.43024902
36.84	-31.64369334
36.85	-39.27740868
36.86	-34.78610753
36.87	-32.60342159
36.88	-34.47677340
36.89	-33.87248397
36.90	-33.80551528
36.91	-29.74172919
36.92	-32.82587474
36.93	-29.08694095
36.94	-27.56134224
36.95	-34.05421198
36.96	-33.05506380
36.97	-20.00481667
36.98	-31.80246652
36.99	-31.86261088
37.00	-30.07859702
37.01	-26.56941251
37.02	-27.25323445
37.03	-39.79329539
37.04	-34.96713430
37.05	-30.66351408
37.06	-30.81128703
37.07	-32.20882909
37.08	-33.67715581
37.09	-32.54735443
37.10	-44.04084582
37.11	-38.24219238
37.12	-35.49469142
37.13	-37.21360084
37.14	-41.43204156
37.15	-40.79082957
37.16	-36.29055423
37.17	-40.91799998
37.18	-37.25864410
37.19	-35.10830184
37.20	-41.61507024
37.21	-46.11271890
37.22	-46.61520863
37.23	-46.92935203
37.24	-42.11101551
37.25	-43.06075476
37.26	-43.21431283
37.27	-47.01046006
37.28	-46.74697058
37.29	-43.33751193
37.30	-53.99968018
37.31	-58.51810154
37.32	-44.51747894
37.33	-46.40235514
37.34	-44.23277149
37.35	-53.36719548
37.36	-60.81270575
37.37	-52.73549447
37.38	-55.93538381
37.39	-56.37137521
37.40	-45.65879921
37.41	-43.52077053
37.42	-36.38793593
37.43	-35.89733961
37.44	-33.99340557
37.45	-42.45532670
37.46	-45.68296723
37.47	-39.74723994
37.48	-36.17018449
37.49	-36.44297178
37.50	-46.83762067
37.51	-46.61557311
37.52	-45.14434462
37.53	-50.82210107
37.54	-38.15417517
37.55	-43.66755805
37.56	-44.14213406
37.57	-44.42235012
37.58	-40.78970982
37.59	-52.30172416
37.60	-47.89457430
37.61	-50.10006761
37.62	-43.08542636
37.63	-58.09899543
37.64	-43.57208841
37.65	-46.88093162
37.66	-45.84134462
37.67	-59.59429824
37.68	-56.16074973
37.69	-44.58695480
37.70	-48.23826192
37.71	-45.08399233
37.72	-44.86815031
37.73	-50.39510131
37.74	-51.57707215
37.75	-50.28807836
37.76	-50.94476957
37.77	-52.25857358
37.78	-51.48918616
37.79	-50.45379323
37.80	-47.42428893
37.81	-46.29909725
37.82	-43.80399711
37.83	-35.22299639
37.84	-39.26305423
37.85	-40.57280112
37.86	-41.13010777
37.87	-39.92118067
37.88	-44.50704658
37.89	-37.14854300
37.90	-39.32484056
37.91	-39.32405112
37.92	-41.05944668
37.93	-35.30668425
37.94	-43.18470146
37.95	-47.09024232
37.96	-38.70275308
37.97	-45.80638884
37.98	-44.57488692
37.99	-47.30001599
38.00	-41.79979682
38.01	-33.09157240
38.02	-40.76183076
38.03	-36.11910920
38.04	-36.65034032
38.05	-38.14758530
38.06	-42.26175093
38.07	-42.29691656
38.08	-39.84667732
38.09	-38.34456188
38.10	-38.82956809
38.11	-32.41587689
38.12	-30.71239315
38.13	-28.35799257
38.14	-36.37618903
38.15	-31.93856475
38.16	-36.36781212
38.17	-45.38871938
38.18	-42.75487354
38.19	-43.83735944
38.20	-46.89521675
38.21	-43.11467134
38.22	-45.16668473
38.23	-37.23955423
38.24	-39.41449878
38.25	-42.56835251
38.26	-47.34883386
38.27	-37.55107025
38.28	-45.31180017
38.29	-34.05032527
38.30	-34.82078655
38.31	-41.24492445
38.32	-34.85397799
38.33	-35.27841872
38.34	-39.84383984
38.35	-36.00929443
38.36	-40.71139195
38.37	-41.80096030
38.38	-42.00753941
38.39	-40.54179109
38.40	-40.42681594
38.41	-40.46131045
38.42	-38.16717684
38.43	-37.96874472
38.44	-40.09567756
38.45	-40.99529156
38.46	-47.15582335
38.47	-41.16362880
38.48	-41.15991226
38.49	-40.11850739
38.50	-42.18500834
38.51	-38.59377173
38.52	-39.59228153
38.53	-43.30386900
38.54	-39.98109821
38.55	-48.45772368
38.56	-40.62394405
38.57	-42.14430303
38.58	-41.14631307
38.59	-41.93932144
38.60	-45.65939170
38.61	-41.74547942
38.62	-38.54740103
38.63	-45.29933124
38.64	-48.76950045
38.65	-39.15540199
38.66	-39.32409128
38.67	-46.69765102
38.68	-43.91950691
38.69	-51.59945504
38.70	-50.83169978
38.71	-41.11365103
38.72	-41.08504634
38.73	-42.08551240
38.74	-41.66574281
38.75	-45.82968903
38.76	-40.67636876
38.77	-45.09395385
38.78	-46.63132239
38.79	-44.92822416
38.80	-40.81972608
38.81	-39.08837330
38.82	-44.16435107
38.83	-53.99973109
38.84	-48.32084151
38.85	-49.21512880
38.86	-37.97182383
38.87	-40.08381427
38.88	-45.98072703
38.89	-40.85704324
38.90	-31.00804731
38.91	-35.73636303
38.92	-47.52703965
38.93	-38.85501838
38.94	-25.44764363
38.95	-29.20003775
38.96	-32.14581738
38.97	-26.78907169
38.98	-28.39727604
38.99	-29.58262737
39.00	-29.57610276
39.01	-25.63875668
39.02	-29.55679133
39.03	-29.82564434
39.04	-27.41160562
39.05	-27.13650763
39.06	-31.25572823
39.07	-24.98977413
39.08	-25.98885061
39.09	-28.96247895
39.10	-28.21435945
39.11	-30.33510084
39.12	-32.91316705
39.13	-30.66382025
39.14	-37.51411136
39.15	-33.28056762
39.16	-36.24394931
39.17	-34.89313167
39.18	-32.78461901
39.19	-42.07644620
39.20	-37.52698038
39.21	-40.96732694
39.22	-37.85230184
39.23	-34.96350189
39.24	-37.34061996
39.25	-36.89914529
39.26	-34.98386470
39.27	-37.35969907
39.28	-37.52180543
39.29	-34.73419525
39.30	-32.87399520
39.31	-32.10489506
39.32	-37.38877603
39.33	-38.01431355
39.34	-33.98268903
39.35	-38.16309486
39.36	-35.98610610
39.37	-36.26306355
39.38	-35.19870768
39.39	-32.24545648
39.40	-35.78990175
39.41	-40.58313812
39.42	-46.58541465
39.43	-40.61298301
39.44	-50.98741321
39.45	-48.69257382
39.46	-40.13898683
39.47	-43.50972034
39.48	-45.91226838
39.49	-43.54709606
39.50	-44.88539266
39.51	-49.92493616
39.52	-48.02594620
39.53	-49.11706092
39.54	-45.00932287
39.55	-50.56072153
39.56	-38.55628487
39.57	-49.56484486
39.58	-46.91144381
39.59	-50.87526240
39.60	-49.51570050
39.61	-45.98331068
39.62	-48.29582526
39.63	-48.32472727
39.64	-43.74726360
39.65	-50.35069787
39.66	-51.28308864
39.67	-51.80295050
39.68	-55.26275881
39.69	-49.59495934
39.70	-48.29518879
39.71	-46.25420719
39.72	-50.65117827
39.73	-53.40646723
39.74	-41.30939481
39.75	-50.78984772
39.76	-49.44749543
39.77	-44.12873348
39.78	-51.72196675
39.79	-51.34986230
39.80	-53.58594428
39.81	-47.81495815
39.82	-53.87897033
39.83	-52.95550523
39.84	-51.39778319
39.85	-50.83512808
39.86	-48.94965915
39.87	-56.43244500
39.88	-51.67901312
39.89	-46.84975762
39.90	-49.09445910
39.91	-52.02304873
39.92	-52.24777865
39.93	-52.07162784
39.94	-51.30986469
39.95	-51.14727674
39.96	-50.89650045
39.97	-54.00179156
39.98	-51.77765174
39.99	-50.26471603
40.00	-47.29823611
40.01	-49.16734677
40.02	-51.31192516
40.03	-49.81568663
40.04	-44.38120193
40.05	-50.46105972
40.06	-50.21424591
40.07	-53.52565126
40.08	-50.68747989
40.09	-50.04943353
40.10	-52.01622726
40.11	-46.76159677
40.12	-43.17351455
40.13	-41.34786087
40.14	-46.55067588
40.15	-52.82047559
40.16	-50.22754443
40.17	-49.70280662
40.18	-51.57236374
40.19	-57.58276048
40.20	-50.92390556
40.21	-42.76611159
40.22	-43.65607000
40.23	-47.50541154
40.24	-38.13355901
40.25	-47.09170839
40.26	-43.82596819
40.27	-44.71436422
40.28	-44.60075117
40.29	-41.27034534
40.30	-43.56149758
40.31	-38.86748014
40.32	-39.94594692
40.33	-43.34478033
40.34	-34.64199879
40.35	-40.12385012
40.36	-40.76653176
40.37	-34.95628296
40.38	-36.21430710
40.39	-39.75822536
40.40	-37.39966035
40.41	-36.39305973
40.42	-39.94578654
40.43	-36.45163048
40.44	-37.97548803
40.45	-43.43003654
40.46	-41.61727483
40.47	-29.84579826
40.48	-31.91881021
40.49	-32.10486781
40.50	-32.96122919
40.51	-36.78817469
40.52	-27.35979731
40.53	-29.31473684
40.54	-36.28336183
40.55	-23.72541347
40.56	-27.61017972
40.57	-27.48730615
40.58	-25.35009105
40.59	-23.95919167
40.60	-27.52149640
40.61	-25.00169262
40.62	-23.21206500
40.63	-21.67790152
40.64	-26.40799951
40.65	-28.39747608
40.66	-25.98307193
40.67	-30.56009033
40.68	-35.09477531
40.69	-41.06059152
40.70	-38.68814338
40.71	-42.12346795
40.72	-45.55543544
40.73	-48.53928009
40.74	-49.56008554
40.75	-49.27736207
40.76	-41.47460131
40.77	-50.60640843
40.78	-52.74044524
40.79	-43.24006570
40.80	-46.73948324
40.81	-47.38492588
40.82	-46.03633912
40.83	-46.09592636
40.84	-50.75186302
40.85	-46.17179371
40.86	-45.77422990
40.87	-44.00651360
40.88	-46.46925619
40.89	-46.74942493
40.90	-50.15591489
40.91	-46.59644859
40.92	-45.69724328
40.93	-47.01756785
40.94	-42.53488645
40.95	-44.72478535
40.96	-39.84355901
40.97	-38.82139912
40.98	-42.09151384
40.99	-45.71116345
41.00	-43.03074974
41.01	-39.57638095
41.02	-39.66507622
41.03	-34.15959654
41.04	-37.79420983
41.05	-39.46276766
41.06	-34.32227364
41.07	-39.12068688
41.08	-38.96154180
41.09	-39.33192851
41.10	-37.14689290
41.11	-41.78571245
41.12	-31.11509535
41.13	-26.17263694
41.14	-21.59419573
41.15	-22.24603990
41.16	-22.80770649
41.17	-21.07500525
41.18	-23.95460921
41.19	-20.92828154
41.20	-18.93780544
41.21	-21.18666538
41.22	-21.30320243
41.23	-20.32360897
41.24	-20.17676481
41.25	-14.22949856
41.26	-19.20805926
41.27	-18.31886734
41.28	-19.38361638
41.29	-29.36704755
41.30	-24.60807408
41.31	-22.95296318
41.32	-26.70017398
41.33	-20.97180878
41.34	-24.17722202
41.35	-24.65318761
41.36	-23.55408149
41.37	-30.88856284
41.38	-23.51509392
41.39	-24.18612331
41.40	-22.84546198
41.41	-24.52308985
41.42	-27.65020505
41.43	-25.14189889
41.44	-24.20025023
41.45	-24.99006906
41.46	-20.20653727
41.47	-26.90767302
41.48	-26.21731595
41.49	-26.86290845
41.50	-25.25261949
41.51	-24.31108794
41.52	-31.69193593
41.53	-27.34062498
41.54	-29.22662570
41.55	-23.62619119
41.56	-28.08959989
41.57	-23.79989865
41.58	-25.82078034
41.59	-22.58948111
41.60	-25.74392303
41.61	-19.33916538
41.62	-13.90764937
41.63	-22.39505209
41.64	-21.76564315
41.65	-16.03141156
41.66	-25.26525692
41.67	-16.97468211
41.68	-18.90110204
41.69	-22.36095482
41.70	-22.09360204
41.71	-22.32633627
41.72	-22.03161112
41.73	-23.97307790
41.74	-26.44219597
41.75	-21.89191227
41.76	-21.33682862
41.77	-25.82440462
41.78	-23.21618641
41.79	-35.23030113
41.80	-36.07243186
41.81	-35.99636781
41.82	-42.69739027
41.83	-35.46230997
41.84	-34.05530304
41.85	-34.11295218
41.86	-41.99116441
41.87	-27.34810515
41.88	-26.88878273
41.89	-29.53902986
41.90	-21.46833053
41.91	-29.40567231
41.92	-25.97039506
41.93	-34.17194883
41.94	-27.26702388
41.95	-25.14890319
41.96	-28.40115582
41.97	-24.24791442
41.98	-29.78624855
41.99	-22.88167016
42.00	-24.19257718
42.01	-30.80242589
42.02	-32.52121413
42.03	-37.79756499
42.04	-32.58562546
42.05	-41.19975523
42.06	-46.46970671
42.07	-43.62742349
42.08	-38.98659630
42.09	-45.86636828
42.10	-38.47465175
42.11	-42.38339266
42.12	-45.83126073
42.13	-40.93492182
42.14	-42.88304324
42.15	-43.98815127
42.16	-40.01912091
42.17	-40.66088908
42.18	-44.96465724
42.19	-47.98128965
42.20	-42.95024543
42.21	-43.48634534
42.22	-37.26684606
42.23	-40.05571054
42.24	-31.40234821
42.25	-34.71194907
42.26	-40.59270600
42.27	-37.79017445
42.28	-34.79931140
42.29	-33.32912665
42.30	-44.87439386
42.31	-40.58183267
42.32	-38.72609725
42.33	-34.93517613
42.34	-37.38613382
42.35	-35.79431834
42.36	-32.15328105
42.37	-37.46605471
42.38	-40.19865605
42.39	-32.51207957
42.40	-28.29074951
42.41	-37.80872297
42.42	-30.00402341
42.43	-34.75536566
42.44	-28.06104994
42.45	-34.42909319
42.46	-37.69024281
42.47	-40.64566489
42.48	-44.41989218
42.49	-37.46908339
42.50	-37.27905877
42.51	-33.07021413
42.52	-37.97855519
42.53	-34.93646724
42.54	-38.79487593
42.55	-39.07131116
42.56	-41.69302196
42.57	-41.50663956
42.58	-40.07702890
42.59	-44.88542015
42.60	-37.36627818
42.61	-41.55308172
42.62	-34.09400261
42.63	-34.81411088
42.64	-28.88482838
42.65	-30.57496365
42.66	-36.38524090
42.67	-43.57973779
42.68	-26.15542637
42.69	-28.65293330
42.70	-33.40721509
42.71	-30.10068187
42.72	-34.33396389
42.73	-41.78636613
42.74	-35.46489577
42.75	-40.36011518
42.76	-38.02292206
42.77	-38.07110538
42.78	-38.79523970
42.79	-33.45430973
42.80	-38.92414983
42.81	-30.10742613
42.82	-36.37929611
42.83	-37.27700643
42.84	-35.48247393
42.85	-34.00960156
42.86	-33.60921509
42.87	-37.72261685
42.88	-26.86633579
42.89	-33.77894740
42.90	-44.94658745
42.91	-47.52205447
42.92	-41.07965820
42.93	-42.38686016
42.94	-52.59218639
42.95	-48.04098635
42.96	-47.65186326
42.97	-44.22172464
42.98	-35.57136900
42.99	-41.93349472
43.00	-41.10893927
43.01	-39.41014792
43.02	-37.00278679
43.03	-38.76409845
43.04	-23.68296987
43.05	-19.67546772
43.06	-23.76492111
43.07	-26.41779970
43.08	-24.60826696
43.09	-26.03561208
43.10	-22.48082527
43.11	-23.28417446
43.12	-23.08460850
43.13	-23.05442924
43.14	-23.23102174
43.15	-23.78538455
43.16	-28.12944095
43.17	-21.77032288
43.18	-22.04377747
43.19	-20.11723541
43.20	-24.90142637
43.21	-19.50138479
43.22	-25.57457217
43.23	-25.34112690
43.24	-21.66987570
43.25	-20.29562547
43.26	-21.29534416
43.27	-25.01092494
43.28	-21.84459750
43.29	-12.99809440
43.30	-13.04260468
43.31	-12.34580807
43.32	-13.25017853
43.33	-13.95593857
43.34	-5.18673207
43.35	-4.98599785
43.36	-3.39838265
43.37	-3.31116396
43.38	-3.84144025
43.39	-1.42925263
43.40	-1.59613838
43.41	-9.35468618
43.42	-12.22218068
43.43	-3.19729660
43.44	-15.30026816
43.45	-13.12842518
43.46	-9.49797179
43.47	-14.76608962
43.48	-11.37564053
43.49	-11.79878776
43.50	-13.20771868
43.51	-15.86491156
43.52	-13.18017853
43.53	-16.21739578
43.54	-17.02755616
43.55	-14.38655544
43.56	-7.90979469
43.57	-1.73168164
43.58	-0.71197012
43.59	-0.64201123
43.60	-4.15752533
43.61	-5.77797227
43.62	-5.38262332
43.63	-6.42521797
43.64	-3.78092782
43.65	-13.93179134
43.66	-20.71117853
43.67	-18.70973660
43.68	-19.12789220
43.69	-21.08184511
43.70	-17.73766443
43.71	-5.91144909
43.72	-10.04489316
43.73	-13.16276433
43.74	-12.92852509
43.75	-7.81650884
43.76	-11.49380496
43.77	-12.89993690
43.78	-14.79390535
43.79	-18.88351552
43.80	-14.03370482
43.81	-20.82749330
43.82	-24.36096127
43.83	-31.64809415
43.84	-28.75924329
43.85	-30.34445051
43.86	-30.68241012
43.87	-16.39318044
43.88	-16.46004803
43.89	-12.25496032
43.90	-15.41180138
43.91	-28.91800930
43.92	-29.78814936
43.93	-27.44055711
43.94	-28.72767804
43.95	-29.37339864
43.96	-27.39550548
43.97	-25.57469023
43.98	-27.09504109
43.99	-23.87241466
44.00	-24.76108507
44.01	-14.36235037
44.02	-18.44471677
44.03	-18.60677198
44.04	-16.63638933
44.05	-25.59246198
44.06	-28.21387116
44.07	-28.63297369
44.08	-27.15525166
44.09	-22.69788001
44.10	-28.49044286
44.11	-31.19339506
44.12	-29.02547441
44.13	-23.49900381
44.14	-21.14553297
44.15	-19.36015558
44.16	-21.18192853
44.17	-29.71580806
44.18	-29.58203942
44.19	-29.55667183
44.20	-33.99621915
44.21	-31.67062331
44.22	-30.53610108
44.23	-32.80865199
44.24	-34.41883459
44.25	-35.92138382
44.26	-32.88957025
44.27	-32.40233937
44.28	-34.73054300
44.29	-29.96467302
44.30	-30.18038024
44.31	-31.71358770
44.32	-36.40190916
44.33	-33.71577054
44.34	-30.88189171
44.35	-33.27592326
44.36	-29.80281380
44.37	-36.35709176
44.38	-39.04923612
44.39	-34.61982909
44.40	-39.73115246
44.41	-27.56505711
44.42	-31.81776791
44.43	-26.90590223
44.44	-22.18043068
44.45	-29.04629038
44.46	-27.99144453
44.47	-27.42832886
44.48	-25.24780543
44.49	-17.23709559
44.50	-21.06679420
44.51	-21.34295649
44.52	-26.23105830
44.53	-25.50117350
44.54	-24.11870983
44.55	-23.83677078
44.56	-22.37590773
44.57	-22.91887260
44.58	-24.71623087
44.59	-24.57216920
44.60	-28.33888813
44.61	-34.16194047
44.62	-29.35147369
44.63	-22.02339291
44.64	-31.24666657
44.65	-27.88719071
44.66	-27.68683842
44.67	-24.66352795
44.68	-20.79137690
44.69	-18.98259225
44.70	-19.07252532
44.71	-22.61136590
44.72	-22.86520219
44.73	-21.88814602
44.74	-22.31800166
44.75	-24.37484463
44.76	-34.53911422
44.77	-29.79772704
44.78	-38.60268855
44.79	-35.98917589
44.80	-29.05749305
44.81	-31.82237522
44.82	-34.68975930
44.83	-27.14997274
44.84	-25.26077484
44.85	-32.61380089
44.86	-33.56292278
44.87	-30.92649568
44.88	-33.54533459
44.89	-33.77965677
44.90	-31.94178679
44.91	-28.59470625
44.92	-31.48466490
44.93	-25.15309726
44.94	-29.56997417
44.95	-38.40337808
44.96	-36.20045050
44.97	-35.77288334
44.98	-38.49794309
44.99	-22.84386758
45.00	-34.76179993
45.01	-32.37037307
45.02	-36.61836757
45.03	-33.72000189
45.04	-36.50026886
45.05	-35.79346485
45.06	-28.72487044
45.07	-30.15702341
45.08	-38.92762163
45.09	-33.42318210
45.10	-30.85080806
45.11	-33.01619644
45.12	-29.68976050
45.13	-25.99201217
45.14	-30.07251767
45.15	-27.23452436
45.16	-24.11663144
45.17	-30.27959917
45.18	-26.57860467
45.19	-32.91505615
45.20	-24.44432169
45.21	-24.24981356
45.22	-20.50805281
45.23	-31.75974711
45.24	-26.03780065
45.25	-33.79493378
45.26	-37.46067182
45.27	-25.52859869
45.28	-24.95321509
45.29	-38.02526886
45.30	-32.83107981
45.31	-33.93353392
45.32	-33.58500787
45.33	-31.71256738
45.34	-37.29353894
45.35	-35.57341322
45.36	-33.90372273
45.37	-29.43086303
45.38	-25.59374305
45.39	-28.04828607
45.40	-26.87162140
45.41	-26.26581117
45.42	-24.48815152
45.43	-30.99147584
45.44	-34.33112474
45.45	-33.20178846
45.46	-37.23273086
45.47	-34.81582646
45.48	-31.91596652
45.49	-37.54737402
45.50	-36.95490892
45.51	-36.33985658
45.52	-33.98322704
45.53	-30.49102388
45.54	-31.04182718
45.55	-36.86773253
45.56	-35.08375261
45.57	-35.05430352
45.58	-35.81946030
45.59	-36.96805615
45.60	-33.70555089
45.61	-36.18252006
45.62	-37.65571747
45.63	-38.80476910
45.64	-37.41261590
45.65	-37.61105160
45.66	-36.90379706
45.67	-31.65090892
45.68	-39.22951695
45.69	-35.96733985
45.70	-38.86925595
45.71	-29.12179085
45.72	-34.79741681
45.73	-37.54639123
45.74	-38.33575093
45.75	-33.26374353
45.76	-35.11949257
45.77	-33.67429754
45.78	-33.65169286
45.79	-32.97329420
45.80	-34.17689936
45.81	-41.16763836
45.82	-42.89565270
45.83	-37.20118306
45.84	-38.46946221
45.85	-33.79741011
45.86	-27.44911542
45.87	-28.97458603
45.88	-34.67431332
45.89	-32.54158316
45.90	-21.74098015
45.91	-31.54600906
45.92	-34.44473970
45.93	-34.15493019
45.94	-31.86653942
45.95	-35.60824329
45.96	-36.15908052
45.97	-33.73622441
45.98	-32.47504013
45.99	-34.59974281
46.00	-25.35231021
46.01	-24.64765582
46.02	-38.15385514
46.03	-36.19648444
46.04	-29.35232479
46.05	-31.98266991
46.06	-33.43947656
46.07	-36.44362833
46.08	-33.98940940
46.09	-30.34256810
46.10	-36.91925261
46.11	-38.64572058
46.12	-40.93353057
46.13	-32.57343473
46.14	-34.54748468
46.15	-37.94915916
46.16	-37.23030017
46.17	-32.16516633
46.18	-38.31182885
46.19	-29.32101122
46.20	-36.09818306
46.21	-32.94472751
46.22	-31.05249831
46.23	-35.56176121
46.24	-31.52922417
46.25	-32.64357431
46.26	-37.58093688
46.27	-39.29789147
46.28	-39.09465868
46.29	-30.80342231
46.30	-41.83946628
46.31	-36.66162952
46.32	-37.10231833
46.33	-36.02967445
46.34	-31.12705997
46.35	-34.07744931
46.36	-36.04561518
46.37	-36.43749042
46.38	-41.70643712
46.39	-38.14913167
46.40	-31.87744190
46.41	-37.56165724
46.42	-30.27403559
46.43	-28.83045625
46.44	-23.90505806
46.45	-23.30594119
46.46	-23.18899831
46.47	-19.45648923
46.48	-25.46643760
46.49	-31.49641729
46.50	-31.06364506
46.51	-30.36260419
46.52	-28.00224018
46.53	-28.89435252
46.54	-23.97181834
46.55	-30.25181762
46.56	-22.64427437
46.57	-25.71923517
46.58	-28.87212331
46.59	-29.49190223
46.60	-31.10534511
46.61	-29.62046700
46.62	-18.57849688
46.63	-25.78999162
46.64	-25.87491012
46.65	-20.34017016
46.66	-29.52516681
46.67	-28.59182886
46.68	-28.06473325
46.69	-27.40636590
46.70	-25.95170003
46.71	-21.11203703
46.72	-28.44530209
46.73	-24.35550859
46.74	-34.29651791
46.75	-31.30274568
46.76	-32.24803392
46.77	-38.88324400
46.78	-27.37347441
46.79	-31.13815940
46.80	-31.15002269
46.81	-29.19262905
46.82	-26.54997250
46.83	-36.27797512
46.84	-36.76587546
46.85	-38.16610251
46.86	-37.15598301
46.87	-35.19533339
46.88	-34.94736064
46.89	-46.18908219
46.90	-35.47696700
46.91	-37.87730710
46.92	-38.36445959
46.93	-41.69091943
46.94	-39.12167350
46.95	-32.14678201
46.96	-36.12692613
46.97	-34.54247202
46.98	-41.90071699
46.99	-29.86959391
47.00	-37.30134415
47.01	-37.87259152
47.02	-35.24027531
47.03	-42.18284749
47.04	-33.22241633
47.05	-39.65612665
47.06	-35.09204372
47.07	-36.59200954
47.08	-26.98420123
47.09	-27.82740582
47.10	-28.43658865
47.11	-28.10910204
47.12	-36.30144525
47.13	-30.26378416
47.14	-31.81065103
47.15	-25.23702054
47.16	-34.67434917
47.17	-32.69684248
47.18	-25.90525644
47.19	-23.75698039
47.20	-19.12542160
47.21	-22.80213455
47.22	-33.32332981
47.23	-26.34574855
47.24	-24.86151576
47.25	-27.32340558
47.26	-27.26212570
47.27	-25.44177651
47.28	-27.72965438
47.29	-19.64448613
47.30	-22.24171605
47.31	-38.39123181
47.32	-31.93579754
47.33	-38.65194214
47.34	-33.92704587
47.35	-27.95613192
47.36	-38.18950500
47.37	-33.20475691
47.38	-33.07898492
47.39	-30.55268975
47.40	-32.86451504
47.41	-31.19552460
47.42	-30.37360515
47.43	-28.90600620
47.44	-28.41094621
47.45	-23.26811208
47.46	-31.08226719
47.47	-26.94259965
47.48	-24.23927532
47.49	-23.67292542
47.50	-36.61427029
47.51	-30.41940534
47.52	-28.65770075
47.53	-28.37755543
47.54	-29.41389602
47.55	-36.92962474
47.56	-35.73590533
47.57	-34.82669095
47.58	-33.15253201
47.59	-39.90525619
47.60	-37.62462904
47.61	-34.29539386
47.62	-42.46488167
47.63	-38.55477149
47.64	-36.44623301
47.65	-36.70888645
47.66	-39.01877125
47.67	-30.91990557
47.68	-32.06169907
47.69	-33.52213645
47.70	-33.67529945
47.71	-37.44131929
47.72	-36.00272441
47.73	-35.61767159
47.74	-32.01866872
47.75	-36.92991011
47.76	-33.43883387
47.77	-33.36206403
47.78	-35.64540844
47.79	-34.35463836
47.80	-32.44886805
47.81	-36.47993521
47.82	-34.35536231
47.83	-35.46998421
47.84	-28.21255185
47.85	-36.19243616
47.86	-32.23745409
47.87	-26.18507862
47.88	-30.91454563
47.89	-32.91837570
47.90	-30.52542183
47.91	-35.76704276
47.92	-39.29985729
47.93	-35.77323707
47.94	-34.34180304
47.95	-36.24743569
47.96	-33.92102006
47.97	-31.19062427
47.98	-31.44017948
47.99	-34.14972704
48.00	-34.56404205
48.01	-38.12296484
48.02	-32.79034558
48.03	-32.45272919
48.04	-31.35485036
48.05	-35.11806475
48.06	-33.75022488
48.07	-31.47026026
48.08	-33.85780137
48.09	-35.38002245
48.10	-35.33805423
48.11	-32.06178201
48.12	-35.00343593
48.13	-34.10450118
48.14	-40.01877459
48.15	-33.08142947
48.16	-37.71796508
48.17	-23.88526839
48.18	-37.03623373
48.19	-17.59361878
48.20	-31.57788717
48.21	-24.70300261
48.22	-27.73199425
48.23	-20.29836447
48.24	-22.49392876
48.25	-22.46928225
48.26	-22.72696246
48.27	-21.17583531
48.28	-34.57567111
48.29	-21.41958340
48.30	-22.37612642
48.31	-27.75296055
48.32	-28.37402556
48.33	-34.66957885
48.34	-30.79238574
48.35	-35.38346700
48.36	-24.89767661
48.37	-30.90224974
48.38	-35.06203583
48.39	-28.38641681
48.40	-26.56133770
48.41	-23.98086734
48.42	-28.89432408
48.43	-30.23211494
48.44	-32.59872345
48.45	-30.78385658
48.46	-22.73642852
48.47	-33.48863287
48.48	-29.66456284
48.49	-30.88687976
48.50	-30.35604324
48.51	-35.34251002
48.52	-32.68405806
48.53	-28.96726193
48.54	-33.77896198
48.55	-29.73827842
48.56	-24.31213741
48.57	-20.63222418
48.58	-34.80043927
48.59	-32.78209606
48.60	-36.16757527
48.61	-34.65924353
48.62	-33.08051384
48.63	-37.21487187
48.64	-34.86751623
48.65	-33.36925500
48.66	-29.20041896
48.67	-35.36716609
48.68	-36.40090629
48.69	-33.10848325
48.70	-31.66363550
48.71	-35.50096771
48.72	-36.55366633
48.73	-36.27512426
48.74	-32.91122943
48.75	-36.95058650
48.76	-35.71233507
48.77	-35.15390486
48.78	-36.59354467
48.79	-35.33279443
48.80	-33.21997751
48.81	-29.11240366
48.82	-34.46579993
48.83	-34.59851002
48.84	-31.68780208
48.85	-32.95862426
48.86	-38.57334893
48.87	-30.11159678
48.88	-26.29763216
48.89	-38.19157455
48.90	-35.05179252
48.91	-33.48464506
48.92	-42.73091489
48.93	-39.10216226
48.94	-33.59755495
48.95	-30.56233053
48.96	-33.82248445
48.97	-32.88308435
48.98	-35.70027388
48.99	-32.79644023
49.00	-27.29898660
49.01	-28.48349927
49.02	-31.26883435
49.03	-35.52974185
49.04	-39.83377459
49.05	-35.78743282
49.06	-37.77046461
49.07	-37.72244166
49.08	-41.32397345
49.09	-39.79968282
49.10	-35.26606642
49.11	-36.94550524
49.12	-32.44404037
49.13	-34.05290247
49.14	-35.92288000
49.15	-37.97321604
49.16	-38.33825261
49.17	-36.71342135
49.18	-40.46490796
49.19	-38.89502890
49.20	-37.48089768
49.21	-37.85855280
49.22	-31.50309391
49.23	-29.59335754
49.24	-33.49147823
49.25	-35.00878153
49.26	-32.74515701
49.27	-36.31559893
49.28	-38.20241513
49.29	-36.95165868
49.30	-36.95755471
49.31	-37.27756069
49.32	-32.64157407
49.33	-30.56229874
49.34	-34.15132885
49.35	-28.16987451
49.36	-27.31090558
49.37	-24.68840152
49.38	-31.07747632
49.39	-32.66782192
49.40	-33.62239888
49.41	-32.64475882
49.42	-27.48823086
49.43	-33.26081762
49.44	-31.82022250
49.45	-28.46618091
49.46	-30.72344143
49.47	-27.52433985
49.48	-22.44977198
49.49	-19.57881643
49.50	-26.63160873
49.51	-20.90962570
49.52	-32.98223540
49.53	-30.54932097
49.54	-30.44547536
49.55	-30.90503607
49.56	-28.97996867
49.57	-30.19549138
49.58	-33.12807837
49.59	-35.62993616
49.60	-33.43463908
49.61	-34.26759510
49.62	-33.24723564
49.63	-30.11617589
49.64	-32.70048301
49.65	-31.35146509
49.66	-30.90771652
49.67	-25.98904826
49.68	-16.71595386
49.69	-20.96575764
49.70	-27.96177388
49.71	-32.34185586
49.72	-20.58221438
49.73	-34.01662092
49.74	-36.78077675
49.75	-39.19911422
49.76	-34.14005447
49.77	-34.65324424
49.78	-37.94354993
49.79	-36.13604181
49.80	-38.36985179
49.81	-29.30406045
49.82	-32.10166944
49.83	-28.50285730
49.84	-36.55414147
49.85	-28.70520481
49.86	-31.34151432
49.87	-21.20155902
49.88	-34.49918856
49.89	-33.31793784
49.90	-34.23447919
49.91	-35.17404157
49.92	-29.94150142
49.93	-32.94646700
49.94	-24.85039482
49.95	-29.01589386
49.96	-32.56489434
49.97	-29.67885873
49.98	-27.99728082
49.99	-38.10185371
50.00	-37.46532168
